300
6 149 40 191 263 106 227
6 81 94 273 167 269 267
6 36 251 200 126 252 247
6 244 177 144 223 31 242
6 134 203 210 43 127 191
6 73 55 67 176 51 136
6 148 45 44 204 59 182
6 107 279 178 181 285 204
6 195 102 229 211 190 191
6 113 111 78 280 136 270
6 132 203 108 77 54 161
6 169 259 243 271 136 140
6 229 299 265 215 282 180
6 84 195 174 267 88 262
6 237 195 107 269 66 74
6 276 190 232 121 219 116
6 49 75 61 149 38 78
6 57 249 50 113 145 228
6 289 93 230 171 210 127
6 239 165 274 42 198 269
6 282 135 201 166 172 149
6 296 284 136 69 151 173
6 85 143 67 93 115 119
6 253 41 204 172 276 77
6 234 164 104 220 293 83
6 176 54 229 194 228 164
6 31 142 108 292 121 186
6 217 257 232 57 253 74
6 87 93 135 46 184 275
6 188 243 240 237 241 179
0
0
0
0
0
0
0
0
0
0
0
0
0
0
0
0
0
0
0
0
0
0
0
0
0
0
0
0
0
0
0
0
0
0
0
0
0
0
0
0
0
0
0
0
0
0
0
0
0
0
0
0
0
0
0
0
0
0
0
0
0
0
0
0
0
0
0
0
0
0
0
0
0
0
0
0
0
0
0
0
0
0
0
0
0
0
0
0
0
0
0
0
0
0
0
0
0
0
0
0
0
0
0
0
0
0
0
0
0
0
0
0
0
0
0
0
0
0
0
0
0
0
0
0
0
0
0
0
0
0
0
0
0
0
0
0
0
0
0
0
0
0
0
0
0
0
0
0
0
0
0
0
0
0
0
0
0
0
0
0
0
0
0
0
0
0
0
0
0
0
0
0
0
0
0
0
0
0
0
0
0
0
0
0
0
0
0
0
0
0
0
0
0
0
0
0
0
0
0
0
0
0
0
0
0
0
0
0
0
0
0
0
0
0
0
0
0
0
0
0
0
0
0
0
0
0
0
0
0
0
0
0
0
0
0
0
0
0
0
0
0
0
0
0
0
0
0
0
0
0
0
0
0
0
0
0
0
0
0
0
0
0
0
0
0
0
0
0
0
0
