300
74 2 4 5 7 14 17 18 30 35 41 46 47 48 50 51 56 59 79 85 89 91 95 96 98 100 101 103 105 107 110 111 116 129 135 139 143 147 149 158 159 160 162 163 170 174 177 184 194 199 204 221 223 226 227 230 238 240 241 242 244 249 252 253 259 260 261 264 278 284 286 289 293 299 300
0
0
0
0
0
0
70 12 14 18 20 25 28 30 31 35 40 41 46 59 77 84 85 86 92 95 96 97 103 105 110 120 122 129 134 139 143 144 147 150 153 160 162 164 170 195 199 201 204 205 221 223 226 229 230 234 238 240 241 244 246 247 249 252 253 259 260 261 269 277 278 279 282 292 293 299 300
83 12 17 18 20 27 28 31 38 41 43 46 47 48 50 51 56 57 59 69 73 75 79 84 87 92 103 105 107 110 111 113 116 129 132 139 143 144 146 147 149 150 153 158 159 160 162 163 174 177 183 185 191 194 198 201 204 205 206 214 220 222 223 229 234 238 240 241 242 244 247 254 259 261 264 269 270 278 282 284 286 291 293 296
0
69 18 27 28 35 37 38 40 45 51 53 56 57 69 77 87 89 92 94 96 99 100 101 103 113 120 122 129 134 138 143 144 146 158 162 164 170 174 177 183 191 194 198 199 201 204 214 218 220 221 222 227 229 230 232 234 244 246 249 252 253 259 284 286 288 289 292 296 299 300
0
78 14 18 20 25 30 35 37 38 40 41 43 45 46 47 53 56 66 75 77 79 80 84 85 86 87 94 95 96 100 101 103 105 107 110 113 119 122 127 129 135 138 139 143 146 153 158 162 164 174 177 183 199 205 206 209 220 222 226 227 230 232 237 240 241 244 247 249 251 253 260 270 277 279 282 284 289 291 296
0
81 18 20 25 27 31 40 43 47 48 50 56 75 79 80 84 85 86 91 98 99 100 102 105 107 110 111 113 119 120 122 135 138 139 146 149 153 159 160 164 170 177 184 185 191 194 195 198 199 201 202 204 205 213 214 218 220 222 223 226 227 229 232 234 238 240 246 247 251 252 253 254 259 260 264 278 282 284 288 291 296 299
72 25 27 28 30 31 43 45 46 51 57 59 69 73 77 79 84 86 94 95 97 100 102 103 105 113 116 119 120 122 123 129 134 135 139 146 147 150 153 158 160 162 163 170 183 191 198 201 214 223 229 232 234 240 241 244 252 253 254 261 264 267 269 270 278 282 284 288 289 292 296 299 300
0
0
70 20 25 28 30 38 41 45 47 51 57 59 66 69 75 77 79 89 91 96 98 99 100 103 105 107 111 113 119 129 134 139 144 147 150 153 158 162 163 164 170 174 177 183 184 194 198 199 201 204 214 218 221 226 229 232 237 240 252 253 254 260 269 270 279 282 284 286 291 296 299
0
65 27 28 35 45 46 47 48 53 57 66 69 73 75 77 84 85 91 92 96 97 100 102 103 107 119 129 132 143 144 146 147 149 150 153 158 159 160 162 174 198 202 204 209 213 218 220 221 222 223 229 232 234 237 238 240 247 249 260 269 277 279 282 291 296 299
76 25 35 38 40 43 50 51 56 69 73 75 77 80 84 85 86 91 92 94 95 100 101 103 105 107 113 119 120 122 123 132 134 135 138 139 144 149 150 158 160 162 174 184 185 194 195 198 202 204 206 209 213 220 221 227 229 230 237 238 242 244 246 251 253 254 261 264 267 270 277 286 288 289 296 299 300
75 27 30 31 35 37 46 48 51 53 56 57 66 73 77 79 80 85 86 89 92 95 96 97 99 101 102 103 111 116 127 132 134 135 143 146 153 159 160 162 163 164 170 184 185 191 195 198 199 204 205 206 209 214 218 220 222 226 227 234 237 242 247 251 253 254 261 264 267 269 270 279 286 292 296 300
71 28 30 35 37 38 40 41 43 45 56 57 66 73 75 77 79 80 85 86 91 98 99 100 101 103 107 113 119 129 132 138 139 146 150 158 159 164 170 177 184 191 194 195 198 201 202 204 221 222 226 234 237 240 241 242 244 246 247 249 251 252 254 259 260 261 269 270 282 291 292 296
0
77 31 40 41 50 51 53 56 57 59 66 69 77 80 85 86 87 89 92 94 95 97 99 100 101 102 103 110 111 113 116 119 134 138 143 144 146 147 149 153 162 163 170 183 184 185 191 194 206 209 213 214 220 221 222 227 229 232 234 237 241 246 251 252 261 264 267 269 277 278 282 284 288 291 292 296 299 300
0
0
75 30 31 35 41 43 45 46 47 50 53 56 57 59 69 73 75 79 80 85 87 89 92 96 97 98 100 103 105 111 113 119 120 129 134 138 139 143 149 160 163 170 184 185 191 194 195 199 201 202 209 213 214 220 222 223 226 227 229 230 240 241 242 246 249 251 254 261 269 270 286 288 291 293 296 300
0
0
74 35 41 46 47 50 51 53 59 69 77 79 80 85 87 91 92 94 97 98 99 100 101 102 103 105 110 120 122 127 129 132 138 143 147 150 153 158 159 160 163 164 170 183 191 194 198 201 204 209 214 222 229 230 237 238 242 244 246 249 251 252 253 254 259 260 267 269 279 284 288 289 292 296 300
69 35 37 38 40 41 43 45 46 48 50 51 53 56 57 59 66 69 73 75 85 86 87 92 94 97 98 99 107 111 113 116 119 120 127 132 134 139 143 144 146 147 150 153 158 159 160 184 185 195 198 202 204 218 221 223 226 234 238 240 241 247 249 253 260 267 269 278 291 300
67 38 40 41 45 46 47 48 51 53 59 66 69 73 84 85 86 95 97 98 103 105 107 110 111 113 119 129 132 138 144 146 149 158 160 162 163 164 170 174 183 184 194 201 202 204 205 206 209 214 218 222 230 240 241 242 244 246 247 251 254 261 267 269 277 289 293 296
0
75 38 41 43 46 50 53 57 59 73 75 79 85 87 89 91 94 97 99 100 103 105 110 111 116 119 122 127 135 144 146 147 149 153 158 159 160 164 170 174 177 184 191 195 198 204 213 214 223 227 229 230 237 238 242 244 246 247 251 252 254 259 260 264 267 269 270 278 279 282 288 291 292 293 296 299
0
0
67 40 43 45 46 47 48 51 56 57 69 73 84 85 89 97 107 110 111 113 116 120 123 129 132 138 144 146 147 153 158 159 162 163 164 174 185 191 199 214 218 220 221 223 226 229 230 234 237 240 242 244 246 249 251 260 261 264 270 277 278 279 282 286 288 289 292 296
0
0
66 45 47 53 56 57 69 73 79 84 86 89 92 95 96 99 100 101 103 107 110 111 113 116 120 122 123 127 129 134 135 139 144 153 158 159 160 163 164 170 174 183 184 195 198 201 205 206 209 218 220 227 230 237 253 254 259 264 269 270 279 284 288 291 292 296 300
0
62 45 46 73 75 79 80 84 87 91 92 94 96 97 98 103 107 119 123 127 132 144 149 150 153 158 160 162 170 174 184 185 191 194 195 201 204 206 209 218 222 223 227 230 234 237 238 240 242 249 251 253 254 260 264 270 282 288 289 291 292 296 300
0
0
0
0
58 50 51 56 66 75 80 85 86 89 92 95 98 99 100 105 111 119 120 123 127 129 132 135 138 150 153 159 177 183 184 185 195 198 201 204 213 214 218 220 221 222 223 226 227 237 244 246 251 253 254 261 270 278 284 288 289 291 292
0
0
52 53 56 79 80 86 89 94 98 99 102 107 110 113 120 132 134 135 138 153 158 160 174 184 194 198 199 205 206 226 227 232 234 240 241 244 251 253 254 259 260 261 267 269 270 277 278 279 282 288 291 292 293
0
65 66 73 89 91 94 95 97 98 99 100 101 105 111 113 127 129 134 135 138 143 144 149 153 158 162 164 170 174 177 185 191 195 199 201 206 209 213 220 221 222 223 226 230 232 238 240 241 242 244 247 252 253 254 259 260 261 267 269 270 278 282 286 289 291 296
65 56 57 66 73 79 80 84 85 94 95 96 97 100 101 103 107 113 119 120 122 123 134 138 146 147 149 150 153 158 160 170 177 183 184 191 194 195 198 199 202 205 206 209 213 214 223 227 230 232 237 238 240 247 249 253 259 264 270 277 286 288 291 292 293 299
0
0
57 69 84 86 87 89 92 94 95 97 98 100 102 105 110 111 116 120 122 123 127 132 135 138 139 143 147 150 153 158 159 160 164 174 183 199 205 209 213 222 223 234 238 242 247 251 252 253 260 264 269 277 278 282 284 291 292 299
0
62 69 75 77 79 84 85 87 91 92 94 96 98 99 100 102 107 111 119 122 127 129 132 134 135 143 146 149 150 158 159 162 163 170 174 194 195 198 201 202 204 214 218 221 227 230 232 240 241 246 247 252 259 260 261 267 277 278 289 291 292 293 299
60 66 73 77 84 86 87 91 92 97 98 99 100 101 102 103 107 110 113 122 127 132 134 144 146 147 160 162 163 164 170 174 177 184 191 195 198 199 204 205 206 209 214 218 220 222 223 226 229 234 237 240 241 244 247 251 252 253 259 288 292
58 75 77 80 84 87 94 95 96 98 99 101 102 105 107 113 116 119 120 122 132 134 144 147 149 150 158 159 163 170 183 185 195 198 201 204 206 209 214 220 226 229 237 238 242 247 249 252 253 259 261 264 270 278 279 284 289 291 292
65 69 73 75 79 80 84 85 86 87 89 91 92 96 98 99 100 101 103 105 107 120 132 135 139 144 146 150 153 159 160 162 163 164 170 177 183 191 195 198 199 202 204 206 213 214 222 234 237 238 241 244 246 249 251 252 254 259 261 264 267 279 292 296 299 300
58 69 73 75 80 84 86 87 92 97 98 99 101 102 103 105 111 113 116 119 122 127 129 134 135 138 144 146 147 149 150 158 162 163 174 185 191 194 195 199 202 205 209 220 221 223 226 227 232 237 238 247 252 260 261 270 292 293 296
56 75 85 91 92 94 95 97 98 103 105 110 111 116 120 132 138 139 144 149 153 162 163 164 170 183 191 198 199 201 202 204 206 209 220 221 222 232 234 237 242 244 247 249 253 267 270 278 279 282 284 286 288 291 292 293 300
0
62 69 73 77 79 86 89 92 95 99 100 101 102 107 110 113 122 127 129 132 138 139 143 144 146 149 150 153 160 163 174 183 185 191 198 199 201 204 205 206 209 213 214 220 222 223 230 234 238 240 242 244 246 251 253 259 260 264 269 286 288 289 291
64 73 79 80 84 85 86 87 92 94 96 98 99 102 105 113 120 129 139 143 144 146 149 153 163 183 185 191 194 195 198 199 201 205 206 209 214 220 221 223 226 230 237 238 240 242 244 251 252 253 254 260 261 264 269 270 278 279 284 288 292 293 296 299 300
0
63 75 79 80 85 86 87 89 96 97 98 99 101 103 107 110 111 119 120 122 132 134 135 139 143 144 147 153 158 160 164 170 174 177 185 191 198 201 202 204 206 209 214 221 223 227 230 232 237 240 244 246 249 252 253 259 260 261 267 270 279 288 289 292
56 89 94 95 97 103 107 113 116 120 123 127 129 134 138 143 144 146 147 150 153 158 159 162 164 174 183 191 194 198 199 202 205 206 214 220 222 226 227 229 230 237 240 242 249 251 252 260 269 277 278 279 288 292 293 296 299
56 77 91 94 97 99 101 103 107 110 116 119 120 127 134 135 138 139 143 144 146 149 158 159 163 183 185 191 194 199 205 218 220 222 223 227 230 232 238 240 242 244 246 251 252 253 260 264 267 277 282 288 289 292 293 296 300
0
49 77 79 84 85 91 94 96 99 101 110 113 119 120 122 123 132 153 158 159 160 163 170 177 184 191 195 199 202 204 206 218 220 229 238 247 251 254 261 269 270 277 278 282 284 286 291 293 299 300
0
55 77 79 80 92 94 98 105 110 113 123 127 132 143 144 147 149 150 153 158 177 194 198 199 202 204 205 206 213 220 221 223 226 227 229 237 238 244 252 253 254 259 260 261 269 270 277 278 279 284 289 291 292 296 299 300
0
57 87 92 94 95 96 97 99 101 102 107 110 111 113 123 127 129 134 139 146 147 150 153 159 160 163 164 170 183 185 191 194 195 198 202 205 209 220 221 222 229 234 238 240 241 244 249 253 260 261 270 277 279 282 286 293 296 300
0
0
58 84 85 86 96 98 99 100 101 103 105 107 111 113 116 119 122 127 129 132 146 147 149 153 158 160 162 163 174 185 198 201 202 204 205 221 226 227 232 234 237 238 240 241 242 244 246 249 252 259 270 277 279 282 286 288 289 292 296
57 84 85 91 94 96 99 100 101 102 103 105 107 116 119 120 132 134 135 143 144 146 147 153 158 160 164 185 194 201 206 209 213 218 220 221 223 226 230 232 238 240 244 249 251 252 253 254 259 261 279 282 284 286 289 291 293 300
56 84 86 87 89 91 92 94 97 100 102 103 107 113 116 119 120 123 127 129 132 134 138 139 144 146 149 159 160 162 163 164 174 184 185 194 198 201 205 214 218 221 223 226 227 234 238 241 247 251 253 259 261 264 267 277 300
0
0
0
0
53 92 94 97 100 105 107 111 113 116 119 120 127 129 132 138 143 146 147 149 150 164 177 184 185 191 195 199 201 202 204 220 222 226 227 232 234 237 242 249 253 259 260 261 267 269 277 279 282 286 293 296 299 300
0
57 91 94 97 102 103 105 111 113 116 122 127 129 132 134 135 139 144 146 149 159 160 164 170 174 177 183 184 194 199 202 205 214 218 221 222 230 232 234 237 241 242 244 249 252 259 260 261 264 270 284 286 288 289 292 293 299 300
0
0
49 95 97 100 102 103 107 119 122 123 127 135 138 139 144 150 153 158 160 164 174 177 183 185 191 194 195 206 213 218 220 221 223 226 227 230 234 240 241 247 249 252 259 260 267 269 270 279 284 292
0
0
0
0
0
0
0
0
0
0
50 105 107 110 119 120 129 134 135 144 147 158 162 164 183 184 194 199 201 202 204 205 206 209 213 214 220 221 222 223 226 227 237 238 240 241 244 246 247 249 251 253 259 260 278 279 284 286 289 296 300
0
40 107 111 113 116 127 129 132 134 139 146 150 158 160 170 174 177 183 191 195 204 206 214 222 223 226 229 232 237 242 244 246 247 253 260 264 282 286 296 299 300
0
51 110 116 119 120 122 123 127 129 134 138 144 147 158 159 160 163 174 184 195 198 201 202 204 205 206 209 213 218 220 221 230 232 234 237 238 240 244 246 247 249 251 254 259 260 261 267 278 282 286 292 296
54 110 111 119 122 123 129 132 134 143 147 149 150 153 159 163 170 174 177 183 185 201 202 205 206 209 213 214 221 222 223 226 227 230 234 240 241 242 246 247 249 252 259 260 261 267 269 277 278 279 284 286 288 289 300
0
0
45 113 116 120 122 129 132 135 138 143 147 159 160 163 170 184 194 195 201 202 206 209 218 221 222 226 230 234 237 240 242 244 246 247 252 259 269 277 278 279 282 284 293 296 299 300
0
36 120 122 127 129 132 134 144 146 150 174 177 183 185 191 194 205 213 220 221 222 226 227 232 237 238 241 244 247 249 261 269 270 277 279 284 286
41 119 120 122 129 132 143 146 147 150 159 162 163 164 174 177 184 185 191 195 199 201 205 214 218 222 227 230 246 249 251 252 254 267 269 270 282 284 288 291 296 299
0
46 119 122 127 129 134 143 144 146 147 149 150 153 158 162 164 177 183 184 191 198 199 202 209 213 214 218 220 222 226 232 234 237 238 240 252 253 254 260 261 264 270 277 282 284 299 300
42 119 122 127 129 138 139 144 146 159 160 163 170 177 183 198 201 202 204 205 209 213 218 223 226 227 232 238 240 241 247 251 252 253 254 259 261 270 286 288 292 299 300
0
0
43 123 129 134 143 144 146 149 150 159 162 163 164 170 174 177 191 195 198 199 213 214 223 227 230 232 237 240 242 244 247 249 252 253 254 261 267 269 270 277 279 286 292 293
0
0
45 127 129 132 135 139 144 149 160 164 183 185 191 194 198 199 201 204 205 209 213 214 220 221 222 223 226 227 229 234 237 244 247 249 252 254 260 264 267 277 279 284 292 296 299 300
35 127 132 138 143 144 149 158 162 163 177 183 194 195 199 204 205 206 213 214 223 229 230 241 244 247 251 264 267 269 270 277 286 292 296 299
37 132 135 138 143 146 159 162 164 170 177 183 184 185 198 199 202 214 220 222 226 227 244 246 247 249 251 252 254 260 264 270 278 279 286 288 291 296
0
42 135 146 158 160 162 174 177 185 195 198 199 201 205 209 213 214 222 226 232 234 237 240 241 242 247 249 251 253 254 259 267 269 277 278 279 282 286 288 292 293 296 299
0
41 134 139 143 146 149 150 158 159 160 170 174 183 194 195 198 202 204 205 213 214 220 221 226 229 234 237 240 249 251 253 254 260 264 269 277 279 282 284 286 288 296
42 134 138 146 147 149 158 159 160 162 164 170 174 183 184 185 198 205 213 214 218 220 221 223 230 232 238 241 244 247 249 253 260 267 277 278 279 288 289 292 296 299 300
0
44 134 135 139 143 144 153 159 160 163 174 177 191 195 202 206 209 213 218 220 222 226 229 230 232 237 241 244 247 249 253 254 259 260 267 278 279 284 286 288 291 292 296 299 300
0
0
26 138 143 146 147 149 150 185 195 199 206 209 213 218 221 232 234 237 238 241 244 249 254 259 267 278 299
43 139 149 158 159 160 162 164 174 183 194 199 204 206 213 214 218 221 222 223 226 229 230 234 237 238 240 244 246 249 251 252 254 260 264 269 270 277 279 284 288 296 299 300
0
0
38 146 149 150 159 160 162 163 164 170 185 198 205 218 221 223 226 227 229 232 234 237 241 242 249 251 254 259 261 269 277 282 284 288 289 291 296 299 300
38 144 147 150 177 183 185 191 195 201 202 204 206 213 218 220 221 222 223 226 230 232 240 241 242 249 251 252 253 259 260 261 269 270 277 282 284 288 289
38 146 147 150 153 160 162 164 170 177 184 191 198 199 205 206 209 213 214 221 223 226 227 230 238 240 246 247 249 251 254 259 261 278 282 286 289 292 293
0
0
35 149 150 159 162 163 170 174 183 184 185 195 199 204 205 209 218 220 221 223 226 227 234 238 242 246 247 251 254 261 269 277 278 289 292 299
0
0
38 158 159 162 163 177 183 184 191 194 195 198 201 205 218 226 227 229 230 232 234 237 240 242 246 247 249 252 254 260 261 267 270 278 279 282 284 289 292
0
0
32 160 177 194 198 201 202 204 209 213 214 220 226 227 229 237 246 247 251 254 259 261 264 267 277 282 284 286 288 289 291 296 300
36 153 159 160 162 164 174 177 184 195 198 199 201 205 206 218 222 223 229 230 241 249 251 253 254 260 261 270 277 282 284 286 288 291 292 293 300
0
34 158 160 163 170 174 177 185 194 195 201 205 206 209 218 220 221 223 226 230 238 240 242 249 259 270 277 278 279 284 286 292 293 296 300
34 159 160 163 164 170 174 177 183 184 191 198 202 204 205 221 223 229 230 234 237 238 241 242 246 247 252 253 259 261 270 278 286 292 300
35 163 164 174 177 183 184 185 194 195 199 201 205 209 214 220 222 223 226 230 234 238 241 242 244 247 249 252 254 267 269 284 289 291 296 300
35 158 159 164 184 191 195 201 206 209 213 218 220 226 227 229 230 237 240 241 242 244 246 249 252 259 264 277 278 279 282 286 289 291 296 299
0
0
0
37 162 164 174 183 185 191 194 195 198 201 205 209 213 220 221 223 227 230 232 234 242 247 249 253 254 264 267 270 277 279 282 286 291 292 293 296 299
0
0
0
32 170 183 184 191 198 202 206 209 214 226 232 237 238 240 246 249 252 259 260 261 264 267 269 270 277 282 284 286 289 292 293 300
32 170 177 191 195 198 199 201 202 204 205 213 214 226 229 240 241 244 247 253 254 259 261 270 277 278 279 282 289 291 293 296 300
28 170 184 194 198 204 209 213 220 223 230 232 234 238 242 247 252 260 269 277 279 282 284 286 291 292 293 296 300
29 170 177 183 185 201 202 204 209 213 220 234 237 238 240 241 244 249 253 267 269 270 277 282 289 291 292 293 296 300
32 170 174 177 184 185 198 206 209 214 221 227 237 240 242 244 246 251 254 259 260 261 270 277 278 282 284 291 292 293 296 299 300
0
35 185 194 195 198 199 202 204 209 214 218 220 223 226 230 237 238 240 244 247 249 251 253 260 264 269 277 279 282 286 288 289 291 293 296 300
28 183 185 191 198 199 202 204 206 222 223 226 234 237 238 241 242 249 254 261 267 269 282 289 291 293 296 299 300
25 185 198 199 201 209 213 218 221 222 246 249 251 254 259 260 264 267 270 278 279 284 286 288 292 300
0
23 191 195 198 199 201 202 209 214 218 221 226 232 234 237 242 246 247 249 251 253 259 264 279
37 177 185 191 194 195 204 206 209 214 218 220 221 222 226 234 238 241 242 244 246 247 249 251 254 259 267 269 270 282 284 288 289 291 292 293 296 300
0
34 185 191 194 199 204 206 214 218 220 221 230 232 234 238 240 242 244 246 249 251 252 253 261 264 269 270 284 286 289 291 292 293 296 300
33 183 185 198 199 204 205 206 209 213 214 222 227 230 232 234 237 241 247 249 251 253 259 260 267 270 278 282 289 292 293 296 299 300
37 184 194 195 198 199 204 206 213 214 220 226 229 230 232 234 241 242 244 246 247 249 251 252 253 259 261 264 267 269 270 277 286 289 292 293 299 300
33 183 184 199 201 204 209 218 220 223 229 230 237 241 242 244 247 251 253 254 259 261 264 270 278 279 284 288 289 291 292 293 296 300
38 184 191 198 199 201 202 205 218 220 227 230 232 234 237 238 242 244 246 247 249 251 252 253 254 259 260 269 270 277 278 279 284 286 289 291 292 296 299
0
0
0
30 191 198 201 202 206 209 213 214 218 221 226 229 230 237 241 244 246 247 249 251 252 261 284 286 288 291 292 293 299 300
26 194 195 202 206 209 218 222 223 229 230 238 240 241 247 249 259 260 277 278 282 288 292 293 296 299 300
32 191 195 198 199 201 204 214 218 223 227 229 230 232 238 241 242 244 246 247 249 252 253 259 260 270 277 279 288 289 293 296 299
37 191 194 195 199 201 205 206 209 213 218 221 229 230 232 234 238 240 242 244 246 249 251 252 253 254 259 264 269 282 284 288 289 291 292 296 299 300
24 191 195 199 205 213 214 223 230 234 240 247 254 259 260 261 267 269 270 278 279 284 286 288 293
0
28 194 199 201 202 206 209 218 222 223 227 234 240 242 247 252 253 264 267 269 270 278 279 284 288 291 292 296 299
28 195 198 199 201 204 205 218 220 221 222 226 230 240 242 244 251 252 253 261 264 269 270 277 284 286 288 291 292
0
0
32 199 201 204 205 209 213 214 222 227 229 230 234 237 238 240 242 247 249 251 253 254 261 267 269 270 277 278 279 282 286 289 292
25 199 201 202 204 214 220 221 226 229 242 244 246 249 251 254 270 277 278 279 282 286 289 291 292 300
0
0
28 201 202 204 214 218 221 222 223 227 229 234 238 242 244 246 247 249 251 252 253 260 264 278 284 288 291 292 299
0
0
18 204 205 209 214 218 220 238 240 242 246 253 261 267 282 284 293 296 299
0
0
0
26 209 213 214 220 227 229 230 232 238 246 249 252 253 254 259 260 261 264 269 270 277 284 289 292 293 300
26 213 214 221 226 227 232 237 240 242 244 246 251 252 253 259 261 267 269 270 278 279 282 286 289 292 296
0
21 213 223 226 227 230 232 234 237 238 241 247 249 251 252 254 264 270 278 284 292 300
23 227 229 230 232 240 241 242 244 246 247 249 251 253 254 261 267 269 277 278 279 286 293 300
22 213 218 222 226 229 230 232 234 237 238 244 247 253 254 260 270 277 286 289 291 296 300
0
0
25 220 221 222 223 227 230 232 234 237 240 242 244 246 249 251 254 261 264 267 270 279 286 288 299 300
25 220 221 226 227 229 232 237 238 241 242 246 251 252 254 259 261 267 269 270 277 279 282 284 289 292
18 221 222 229 230 232 234 237 249 251 254 260 264 269 286 289 291 293 300
0
23 221 223 226 227 229 230 232 234 238 240 242 244 249 251 253 261 278 279 289 291 293 299 300
0
0
0
0
22 229 230 234 237 240 241 247 252 253 254 260 261 269 270 277 278 279 282 289 292 296 299
19 230 234 237 241 247 251 252 253 254 260 261 267 270 279 284 286 289 292 300
0
0
12 229 230 238 242 246 252 261 269 279 284 286 288
0
0
15 234 237 238 240 241 247 249 251 253 269 278 284 286 296 300
0
21 234 237 240 242 244 249 251 260 261 264 278 282 284 288 289 291 292 293 296 299 300
0
18 238 240 247 251 252 253 260 264 267 270 279 282 288 289 291 292 299 300
16 238 240 244 246 249 254 261 264 267 270 277 278 282 288 296 300
0
0
15 240 244 246 247 249 252 259 261 270 279 284 288 292 299 300
0
0
0
14 244 247 251 252 259 260 270 279 286 289 292 293 296 299
0
16 247 249 251 252 259 260 264 267 269 270 277 279 282 288 291 293
0
0
15 251 252 254 259 260 267 269 270 278 279 282 292 293 296 299
0
14 251 253 260 261 264 267 269 277 278 282 284 289 293 300
0
0
0
0
7 261 267 269 270 286 293 296
8 261 267 277 286 288 289 293 296
11 260 261 264 267 278 279 286 288 289 292 300
11 260 269 270 277 282 284 286 289 291 292 296
0
0
0
9 264 267 269 277 278 282 284 289 299
7 264 269 282 284 288 289 296
0
10 270 277 278 279 284 288 289 292 293 300
11 267 269 270 277 284 286 291 292 296 299 300
0
7 278 279 282 288 289 296 299
0
0
7 279 282 286 292 293 296 300
9 278 279 282 284 286 288 289 293 300
9 277 279 282 286 288 289 292 296 300
6 282 288 289 291 293 300
8 278 279 282 284 288 291 292 300
7 277 279 284 286 288 291 296
0
0
0
5 282 284 286 291 292
4 288 289 291 292
0
5 284 286 288 291 300
0
6 286 288 289 291 292 299
0
4 288 289 292 299
0
0
3 292 296 299
0
0
0
3 296 299 300
2 296 300
0
1 300
1 299
0
0
