300
3 290 267 299
3 264 255 273
3 300 244 242
3 278 298 277
3 260 254 283
3 292 288 258
3 255 288 281
3 245 294 253
3 291 250 283
3 249 244 275
3 274 279 258
3 286 247 284
3 250 244 264
3 263 259 298
3 263 251 298
3 280 270 247
3 266 280 298
3 269 290 253
3 274 245 272
3 293 299 267
3 296 293 252
3 253 287 281
3 267 247 294
3 297 246 291
3 300 265 293
3 266 288 251
3 287 293 282
3 284 287 251
3 290 241 282
3 282 245 298
3 268 271 250
3 252 241 273
3 291 286 255
3 285 281 251
3 241 271 288
3 272 286 284
3 252 248 295
3 288 293 285
3 255 258 259
3 271 264 269
3 277 241 295
3 251 284 242
3 276 264 248
3 272 260 241
3 295 270 243
3 271 256 299
3 298 288 281
3 291 289 262
3 258 261 260
3 285 299 242
3 242 270 267
3 255 271 298
3 260 279 287
3 274 270 275
3 283 284 250
3 266 243 274
3 260 252 250
3 263 246 273
3 289 269 282
3 253 256 272
3 273 270 299
3 292 247 300
3 271 277 296
3 283 252 250
3 269 260 272
3 281 241 243
3 286 299 266
3 291 274 262
3 242 258 271
3 242 299 298
3 271 267 259
3 266 271 262
3 243 253 281
3 295 270 275
3 299 264 262
3 287 247 272
3 300 247 276
3 274 293 285
3 266 279 278
3 253 251 246
3 272 251 295
3 283 280 278
3 248 261 284
3 255 278 250
3 291 283 269
3 270 275 269
3 261 293 245
3 281 261 293
3 281 259 286
3 274 266 283
3 244 276 288
3 253 262 298
3 288 270 260
3 278 243 241
3 249 256 278
3 261 282 289
3 293 245 255
3 251 269 291
3 245 279 295
3 255 258 260
3 269 249 246
3 298 273 277
3 298 270 246
3 275 246 288
3 248 255 300
3 249 264 252
3 244 262 248
3 273 289 267
3 264 272 297
3 290 297 286
3 260 256 245
3 241 297 278
3 282 290 265
3 251 257 279
3 262 244 298
3 275 273 292
3 249 262 246
3 266 268 287
3 253 281 270
3 265 248 251
3 277 291 245
3 241 296 295
3 298 259 299
3 275 274 299
3 289 253 277
3 300 242 246
3 244 285 268
3 267 276 298
3 296 289 286
3 245 287 285
3 266 261 291
3 257 272 293
3 248 257 283
3 247 259 256
3 267 251 292
3 268 275 247
3 281 246 248
3 289 267 257
3 248 250 280
3 263 250 297
3 247 289 294
3 288 268 245
3 276 283 287
3 248 250 267
3 279 260 281
3 268 285 249
3 276 293 270
3 295 286 245
3 263 295 268
3 280 278 250
3 255 260 241
3 281 267 288
3 296 242 254
3 243 291 281
3 288 247 291
3 243 276 295
3 257 290 289
3 299 270 279
3 257 243 300
3 297 258 280
3 287 283 256
3 290 262 295
3 291 269 281
3 266 245 242
3 288 277 264
3 267 249 241
3 270 296 275
3 265 255 248
3 296 262 259
3 242 255 267
3 254 249 259
3 300 276 271
3 291 265 288
3 291 272 251
3 285 295 278
3 299 270 269
3 262 261 279
3 260 275 300
3 271 258 273
3 275 252 282
3 274 255 285
3 296 242 245
3 288 243 249
3 268 262 260
3 252 290 293
3 278 256 277
3 283 267 261
3 279 262 248
3 263 278 247
3 262 296 268
3 246 253 257
3 261 264 279
3 259 282 289
3 286 255 256
3 263 259 244
3 242 277 256
3 241 263 296
3 270 261 298
3 262 260 293
3 252 275 271
3 274 300 282
3 271 288 285
3 276 260 286
3 300 286 253
3 273 257 279
3 281 266 291
3 258 259 274
3 242 250 290
3 283 265 287
3 294 263 248
3 278 246 260
3 265 264 271
3 269 267 261
3 279 245 283
3 259 261 283
3 262 258 280
3 273 245 242
3 255 292 287
3 253 262 288
3 294 286 264
3 247 248 283
3 255 249 248
3 250 275 296
3 245 288 285
3 242 279 292
3 254 247 251
3 290 254 300
3 285 297 288
3 299 271 253
3 274 271 259
3 296 278 257
3 289 263 278
3 260 241 279
3 255 242 252
3 292 281 247
3 242 263 252
3 256 241 284
3 293 295 241
3 275 281 300
3 271 248 292
0
0
0
0
0
0
0
0
0
0
0
0
0
0
0
0
0
0
0
0
0
0
0
0
0
0
0
0
0
0
0
0
0
0
0
0
0
0
0
0
0
0
0
0
0
0
0
0
0
0
0
0
0
0
0
0
0
0
0
0
