300
8 86 136 293 159 145 279 93 91
8 146 80 198 178 47 173 165 248
8 266 164 49 103 157 206 97 299
8 58 198 160 66 98 129 133 142
8 174 273 207 64 135 165 159 241
8 278 292 33 51 193 136 293 56
8 159 288 141 76 194 65 240 255
8 198 260 226 204 179 297 185 296
8 280 101 108 127 204 165 68 71
8 221 56 288 193 51 212 113 106
8 217 134 191 83 219 122 165 178
8 120 181 250 247 58 277 252 115
8 170 276 85 217 263 178 97 252
8 57 153 217 61 240 142 152 68
8 281 70 288 79 241 130 160 257
8 261 74 276 54 206 241 77 219
8 208 263 184 235 69 262 122 215
8 261 270 209 162 265 168 146 263
8 136 102 140 269 194 79 134 225
8 89 241 183 112 260 222 50 58
8 125 206 210 85 190 291 135 273
8 175 208 49 239 34 131 280 216
8 131 154 148 202 139 101 204 207
8 198 128 176 144 181 191 119 100
8 158 110 61 276 153 156 166 40
8 225 34 83 150 180 81 128 74
8 228 201 53 110 185 290 202 282
8 219 243 297 178 274 66 134 254
8 49 170 96 156 153 84 278 73
8 189 211 296 286 200 146 156 53
0
0
0
0
0
0
0
0
0
0
0
0
0
0
0
0
0
0
0
0
0
0
0
0
0
0
0
0
0
0
0
0
0
0
0
0
0
0
0
0
0
0
0
0
0
0
0
0
0
0
0
0
0
0
0
0
0
0
0
0
0
0
0
0
0
0
0
0
0
0
0
0
0
0
0
0
0
0
0
0
0
0
0
0
0
0
0
0
0
0
0
0
0
0
0
0
0
0
0
0
0
0
0
0
0
0
0
0
0
0
0
0
0
0
0
0
0
0
0
0
0
0
0
0
0
0
0
0
0
0
0
0
0
0
0
0
0
0
0
0
0
0
0
0
0
0
0
0
0
0
0
0
0
0
0
0
0
0
0
0
0
0
0
0
0
0
0
0
0
0
0
0
0
0
0
0
0
0
0
0
0
0
0
0
0
0
0
0
0
0
0
0
0
0
0
0
0
0
0
0
0
0
0
0
0
0
0
0
0
0
0
0
0
0
0
0
0
0
0
0
0
0
0
0
0
0
0
0
0
0
0
0
0
0
0
0
0
0
0
0
0
0
0
0
0
0
0
0
0
0
0
0
0
0
0
0
0
0
0
0
0
0
0
0
0
0
0
0
0
0
