300
150 151 179 232 288 202 278 173 273 210 172 233 167 300 178 291 279 255 266 253 242 175 187 267 250 230 264 268 208 158 207 170 217 200 153 188 298 269 191 297 254 192 176 218 185 194 284 247 221 201 243 177 270 294 261 195 248 212 227 275 198 290 277 282 216 239 225 160 204 190 211 163 228 259 236 296 234 165 215 181 280 238 231 293 251 235 156 209 286 161 157 222 164 271 262 241 292 189 287 245 252 155 205 276 180 214 237 184 260 244 154 249 183 272 182 223 285 274 199 213 295 240 257 206 219 265 263 168 224 159 197 299 226 174 162 289 256 193 258 186 246 171 229 203 283 166 152 196 169 220 281
150 152 235 228 159 206 199 219 271 168 279 185 171 176 253 161 295 292 299 170 226 262 267 180 243 169 217 203 281 154 238 212 166 209 153 200 237 259 249 255 294 183 272 277 268 270 250 290 241 260 244 184 216 220 186 263 256 162 293 221 190 214 163 252 239 248 245 179 282 178 156 210 298 261 251 172 288 195 287 227 289 276 151 167 266 231 218 300 177 273 280 284 208 254 230 265 157 213 224 242 182 191 286 201 158 275 236 285 194 240 193 189 291 165 202 160 232 192 297 223 222 187 175 204 225 197 246 264 181 257 174 229 258 274 296 269 205 278 234 155 188 198 233 173 207 164 247 215 211 196 283
150 153 197 191 256 300 209 255 222 257 299 292 286 214 202 211 172 244 173 227 245 231 201 260 204 166 163 263 198 159 155 234 152 270 195 200 282 232 271 241 170 267 233 246 167 188 162 182 297 236 265 243 229 196 250 272 194 184 186 281 215 216 274 171 217 169 157 261 259 223 203 279 199 285 294 220 219 239 179 185 247 210 289 237 258 212 160 278 235 187 275 266 178 293 158 225 242 277 288 213 183 287 161 226 224 181 284 207 193 180 174 269 176 192 205 291 280 175 206 164 248 228 268 283 168 262 238 290 218 189 221 252 208 298 190 295 254 154 273 177 249 151 240 156 253 296 264 165 230 276 251
150 154 152 294 292 187 175 156 300 232 275 295 194 214 228 176 192 217 186 247 283 188 297 270 277 258 244 257 288 278 207 213 178 221 242 210 201 299 274 273 203 236 261 164 191 246 212 293 189 219 226 238 281 163 211 173 166 162 262 185 260 161 276 174 165 190 206 229 159 209 196 157 289 200 279 160 215 177 193 230 218 151 235 266 169 282 222 255 298 205 182 263 167 271 170 231 241 220 284 287 254 259 251 264 267 208 198 290 155 245 223 225 233 239 285 171 269 195 291 280 183 265 243 234 158 237 181 249 180 253 248 256 153 179 168 268 172 286 240 184 204 224 227 216 202 296 250 197 272 199 252
150 155 197 294 160 271 265 234 190 180 198 230 165 283 240 174 224 212 216 290 176 252 193 192 156 256 189 282 289 285 173 194 170 222 223 275 255 236 259 297 233 300 200 217 249 184 153 253 208 203 266 191 280 270 272 264 284 262 175 204 293 151 183 273 287 276 239 209 296 154 226 288 247 164 166 169 202 205 163 235 246 299 182 220 213 238 219 195 196 254 186 201 181 298 210 152 251 171 161 243 269 277 237 258 157 207 278 188 211 199 178 225 159 162 291 257 168 244 268 229 228 227 260 187 179 221 231 295 241 248 242 206 218 261 292 281 172 214 167 267 274 286 263 185 177 279 232 250 215 245 158
150 156 271 153 258 201 229 204 249 222 244 203 276 169 188 281 257 221 292 268 233 211 278 262 291 264 193 224 237 296 277 208 179 197 253 247 248 242 294 238 259 159 263 299 219 158 168 260 273 157 280 160 290 267 228 165 251 155 173 163 166 254 286 176 252 279 180 256 300 186 236 216 226 282 171 289 225 266 234 209 255 174 152 212 175 227 206 207 178 189 172 194 199 235 272 187 232 284 215 231 261 198 183 191 213 288 243 185 161 205 202 293 230 250 283 192 184 287 162 218 265 214 298 167 151 170 245 240 154 297 246 285 210 196 182 223 190 270 217 269 200 220 241 164 274 295 195 181 239 177 275
150 157 184 166 247 281 210 269 156 284 224 199 200 260 259 299 272 180 173 230 181 287 257 264 251 263 265 211 216 190 234 152 232 215 270 187 209 158 250 282 217 277 185 155 188 243 220 255 273 205 175 172 276 286 296 275 298 241 237 198 162 203 297 258 254 218 195 256 300 280 227 246 271 213 252 253 207 201 290 289 244 238 186 177 165 206 169 283 236 223 183 240 221 182 167 278 159 262 229 194 288 267 171 231 164 212 279 242 235 204 163 219 161 293 189 294 208 192 202 196 160 285 222 248 266 226 170 291 249 174 295 191 233 261 268 214 292 274 239 154 178 153 225 176 179 197 228 245 168 193 151
150 158 235 222 171 180 175 220 225 177 237 164 258 227 190 154 223 213 194 189 176 285 257 206 181 288 201 232 159 273 251 214 169 155 292 182 294 242 187 178 204 215 267 289 256 168 278 217 236 207 221 262 230 192 218 271 193 210 186 228 203 243 172 259 263 208 298 157 238 274 279 283 253 270 244 195 287 300 198 219 162 163 291 160 185 275 255 249 250 240 264 260 161 167 166 266 183 286 276 179 188 293 297 265 277 174 245 295 151 272 229 231 152 261 216 199 209 269 184 200 212 234 153 165 173 296 299 239 170 224 246 197 290 191 280 247 196 268 202 156 254 241 233 226 252 211 282 205 284 281 248
150 159 211 217 268 221 179 212 218 173 197 279 246 151 206 229 267 152 289 274 188 184 286 252 182 296 227 216 278 214 191 157 192 256 187 219 186 236 260 238 284 208 172 234 209 207 163 196 288 225 210 245 178 233 282 264 259 266 300 232 292 295 291 160 242 240 226 201 251 228 287 280 230 203 275 165 193 181 154 176 244 190 247 239 294 162 271 257 243 290 166 220 263 273 161 155 198 269 195 180 170 262 156 164 199 254 297 177 167 175 174 213 283 299 224 204 281 222 231 285 183 168 255 272 158 171 277 293 258 194 270 265 250 241 189 237 248 215 205 169 276 185 153 298 253 202 235 223 200 261 249
150 160 259 226 243 201 172 196 280 253 157 236 239 225 168 251 286 200 247 273 169 152 224 155 229 221 231 254 264 230 195 153 223 294 165 287 255 191 258 167 181 246 212 164 217 180 175 297 242 296 238 293 283 222 275 260 244 203 215 261 257 159 271 213 154 252 292 284 285 295 177 263 214 277 232 291 233 158 184 289 290 178 202 298 190 218 299 176 185 205 240 162 179 220 193 151 183 197 262 173 211 270 216 208 156 281 269 207 228 234 209 189 248 300 278 171 163 219 198 249 199 161 256 210 282 268 276 194 237 170 279 174 250 182 274 235 227 186 272 204 288 166 241 187 265 188 206 245 192 267 266
150 161 209 286 258 210 293 169 195 252 266 213 294 176 214 234 163 255 216 167 281 181 182 259 201 278 193 261 264 186 238 212 166 288 274 248 269 240 192 283 200 247 287 220 215 223 262 159 236 257 298 196 151 265 284 270 175 272 245 277 239 189 158 250 183 211 187 170 256 208 231 229 273 179 207 233 157 241 218 222 228 295 217 253 203 191 263 285 271 154 194 299 205 221 243 202 199 291 180 260 206 198 246 235 153 297 279 268 227 184 280 156 300 224 290 177 155 267 251 232 165 292 275 289 237 249 178 174 219 296 172 152 276 164 254 204 242 162 244 160 190 185 168 171 282 226 230 197 188 173 225
150 162 185 187 296 237 222 196 208 174 225 262 209 216 249 213 235 197 275 219 250 157 252 152 227 269 256 280 184 294 153 271 263 182 161 211 298 180 224 172 200 191 165 192 163 181 300 285 272 268 276 238 202 220 164 221 255 198 170 188 223 215 167 258 293 245 267 239 274 260 232 154 179 212 205 171 261 264 166 175 203 266 241 230 160 228 151 159 278 226 248 270 183 199 286 277 244 186 288 243 257 251 204 218 189 291 246 292 242 169 201 217 240 155 236 158 253 289 214 195 194 206 190 176 231 234 210 207 295 284 287 168 156 290 173 282 229 254 265 283 178 299 279 177 273 233 247 259 193 297 281
150 163 154 167 261 209 191 180 164 158 201 216 277 274 190 287 208 168 197 289 255 229 161 151 240 202 297 275 184 155 223 160 224 193 299 188 173 206 159 292 262 252 179 233 290 181 227 215 214 242 267 234 278 273 279 280 300 205 271 221 294 187 194 174 182 218 211 195 175 254 236 171 296 268 189 226 259 298 170 219 263 258 253 239 283 288 248 249 203 272 165 238 291 237 250 257 185 210 266 276 245 212 286 196 220 244 172 284 285 293 183 295 178 231 269 235 260 156 270 256 176 157 199 230 198 152 247 264 177 265 251 192 243 200 225 213 217 204 246 166 162 241 282 186 232 153 281 207 228 222 169
150 164 165 211 281 181 272 188 240 196 167 192 227 220 159 194 204 280 184 251 187 259 273 185 253 262 237 162 236 207 274 154 255 175 245 277 247 278 199 213 197 155 250 238 180 294 233 176 190 208 179 203 206 163 268 289 256 271 195 249 286 205 234 226 168 160 298 248 287 229 264 300 290 235 152 216 201 174 172 292 261 279 244 177 212 189 231 276 173 169 258 166 263 230 252 182 202 266 223 214 241 239 158 260 291 215 219 191 221 242 161 225 222 170 254 217 218 243 299 295 257 200 275 284 224 193 246 228 178 270 293 156 183 288 151 265 285 198 210 171 157 267 269 232 153 297 186 209 296 283 282
150 165 214 207 222 157 220 169 198 279 175 174 227 217 218 210 245 211 206 264 263 259 179 270 212 233 272 249 209 196 280 251 166 171 262 240 277 288 244 192 199 151 253 163 282 285 247 180 170 204 269 260 177 297 228 216 281 276 201 184 248 164 236 176 275 193 197 274 298 286 178 258 242 167 219 293 250 267 153 254 241 239 256 237 295 292 181 188 215 190 183 261 243 186 289 172 191 213 226 182 255 221 290 229 158 224 200 231 252 234 225 173 203 230 300 299 296 283 159 235 205 156 195 238 160 187 271 189 152 266 265 162 257 208 273 294 155 185 161 268 232 278 194 246 223 287 284 168 154 291 202
150 166 179 223 193 154 208 209 271 243 157 282 292 175 169 186 207 285 299 297 283 269 254 173 294 264 244 296 251 234 284 227 183 184 228 151 232 200 270 257 204 240 201 236 230 177 159 202 152 178 235 233 278 275 237 225 180 160 194 259 171 174 222 190 203 248 158 214 265 155 266 167 261 242 226 287 268 197 221 185 199 276 246 168 220 277 218 231 252 215 164 258 300 211 212 188 182 263 181 298 256 272 260 281 288 170 224 249 189 293 229 262 206 191 210 216 247 290 172 161 250 245 279 196 205 286 280 176 162 198 241 238 156 253 239 165 291 217 255 213 289 187 192 153 267 195 295 219 273 163 274
150 167 217 293 164 284 214 231 190 151 291 175 286 240 183 177 213 239 237 232 262 233 287 229 270 185 295 255 203 248 157 296 230 298 155 193 192 269 267 242 288 235 154 266 207 171 263 180 170 166 300 253 153 294 297 280 285 152 236 195 292 216 228 245 211 249 174 205 227 181 222 159 165 289 259 223 244 275 212 204 202 282 186 258 238 199 271 251 220 210 172 178 299 215 208 278 196 176 274 187 191 194 257 226 272 198 290 273 168 279 162 281 206 173 260 163 201 221 246 219 200 224 243 156 179 256 247 283 184 188 182 277 218 268 252 234 197 276 250 264 161 265 158 209 169 254 241 225 189 261 160
150 168 270 246 265 285 247 269 243 153 227 233 193 259 239 166 283 271 178 281 180 238 202 294 182 272 235 263 257 221 179 223 268 165 287 213 185 210 245 275 297 170 214 241 273 225 242 236 212 181 237 209 172 151 262 191 152 190 248 274 188 155 276 292 252 189 186 192 231 278 284 296 300 277 250 157 160 256 244 254 249 229 197 251 298 183 207 280 266 162 295 293 187 163 219 171 198 222 264 240 218 199 196 156 290 279 169 194 154 267 208 261 176 230 234 258 167 200 226 260 282 255 216 220 177 224 232 217 159 174 291 164 184 173 195 205 211 299 253 158 175 228 286 201 215 161 289 203 206 288 204
150 169 152 240 243 225 278 282 233 296 257 163 221 204 297 199 153 195 262 220 283 277 289 196 151 286 260 263 256 298 155 254 232 261 266 242 251 267 212 201 171 291 180 160 300 161 241 174 219 200 194 288 185 175 274 197 252 250 222 205 198 178 271 270 172 168 154 247 294 165 167 191 234 218 164 202 227 236 186 264 295 177 292 173 253 226 203 166 213 214 272 268 181 245 159 284 246 239 265 275 162 269 237 276 156 228 223 189 182 293 281 193 158 235 188 259 209 229 248 258 211 224 230 287 290 184 183 273 217 280 187 179 210 249 208 176 285 190 231 299 255 192 206 238 216 279 207 244 215 157 170
150 170 184 192 173 265 287 161 153 263 179 181 290 284 288 254 293 151 222 280 158 252 166 217 289 278 300 174 255 241 262 299 261 210 187 238 219 214 207 176 246 200 260 234 212 196 205 267 164 195 283 215 168 291 216 199 163 273 247 248 213 162 226 292 298 231 240 193 183 296 294 239 236 180 155 182 229 220 189 235 172 218 285 203 271 186 282 171 245 224 223 227 251 295 221 169 204 198 243 277 178 228 257 266 253 165 281 286 225 264 270 152 268 269 275 259 154 276 201 202 157 175 156 160 256 258 272 244 242 250 211 197 194 208 274 230 185 279 232 209 249 206 159 190 297 177 233 191 167 237 188
150 171 243 298 269 286 187 227 165 197 170 188 156 271 169 261 292 273 172 258 293 164 245 216 247 238 251 192 191 153 157 260 204 173 182 210 282 167 274 291 229 159 176 259 168 202 280 289 256 183 232 163 268 252 277 199 242 276 174 231 154 236 241 185 235 288 205 244 299 194 214 151 215 175 263 211 196 228 195 218 239 295 212 178 285 250 222 224 200 206 189 279 180 240 186 181 225 177 237 233 287 209 266 272 208 213 155 300 270 230 267 248 190 219 221 184 297 264 278 283 152 290 265 220 207 161 262 160 296 223 198 254 217 234 255 166 246 275 179 201 203 226 253 162 281 158 249 284 294 257 193
150 172 229 275 179 264 173 221 247 286 274 233 272 213 232 289 242 296 251 175 183 166 223 207 187 246 239 276 199 204 214 290 288 195 152 300 225 299 283 228 160 263 208 277 287 156 291 241 185 178 202 189 219 249 238 197 181 191 267 167 279 201 182 284 268 265 157 220 280 180 298 250 237 154 177 293 205 218 257 253 162 295 198 271 252 224 285 155 297 176 212 273 192 243 282 203 200 161 168 222 256 244 266 270 210 235 245 193 184 227 170 217 174 163 234 231 254 255 206 294 209 165 292 240 158 171 196 236 281 151 248 216 262 164 169 260 211 186 215 159 230 190 188 259 278 194 269 258 226 261 153
150 173 286 259 263 209 216 234 206 299 175 155 165 154 269 171 202 285 248 262 223 229 260 185 204 292 255 283 188 253 219 275 174 183 161 199 243 217 205 182 214 194 294 179 193 252 221 190 176 195 254 296 295 268 166 244 186 208 200 198 228 236 207 187 196 230 239 153 293 226 157 265 272 242 162 180 249 197 250 158 184 287 212 291 181 170 284 203 169 237 274 232 227 297 258 151 213 238 220 276 279 278 160 245 222 273 241 191 235 298 177 159 270 152 210 257 289 300 240 277 288 172 189 224 280 225 267 246 178 290 164 167 201 233 156 168 261 256 266 251 264 282 281 218 231 163 211 247 271 215 192
150 174 182 157 168 215 158 201 270 294 161 279 272 196 186 256 287 212 260 211 293 290 190 242 178 170 299 169 181 205 288 218 228 194 213 185 280 172 177 166 152 259 221 162 225 269 243 191 278 298 264 250 163 188 207 244 198 248 247 222 156 297 155 253 184 283 175 216 206 219 209 234 229 281 246 187 276 240 223 238 231 245 189 159 252 233 230 277 254 203 300 241 251 286 195 284 210 200 224 171 295 267 153 199 266 204 296 282 164 289 227 273 220 239 261 257 268 193 236 217 167 180 255 262 208 271 160 275 263 192 176 291 165 274 249 214 285 151 183 292 179 173 258 235 197 232 237 265 202 154 226
150 175 262 182 155 285 176 235 167 193 220 251 170 225 207 293 268 160 249 234 265 210 205 216 198 273 152 244 213 275 258 214 208 271 287 242 246 238 203 222 248 256 151 267 299 161 181 250 221 157 215 297 270 209 288 171 284 204 228 269 153 154 243 183 295 278 199 156 179 253 261 187 185 272 217 190 247 164 231 163 201 192 184 264 294 196 191 245 260 282 279 174 226 229 223 283 280 200 227 281 202 194 165 255 168 224 159 276 211 263 237 212 252 177 266 172 236 300 219 289 230 240 233 197 259 239 254 291 186 195 206 296 274 158 173 169 241 257 188 290 232 180 178 277 162 286 298 166 189 292 218
150 176 224 158 261 153 156 202 280 178 255 262 191 232 186 282 270 197 168 260 173 241 279 277 201 254 165 290 240 300 286 189 284 229 215 161 152 211 287 295 289 166 288 267 269 253 207 163 180 218 184 151 196 256 235 216 203 226 175 234 236 227 276 242 182 251 293 200 183 266 223 209 217 278 248 194 170 172 210 291 273 157 171 220 181 264 297 208 243 179 292 221 159 185 233 212 274 187 169 249 195 283 206 271 225 188 294 247 263 190 272 246 231 296 174 285 268 239 259 265 205 222 154 214 257 204 252 219 167 299 281 244 245 250 238 177 155 160 228 230 199 237 193 192 162 198 298 258 164 213 275
150 177 281 248 204 284 156 238 200 273 244 161 164 253 286 263 252 152 246 198 232 211 174 182 155 293 201 250 277 221 213 274 170 282 225 283 299 227 208 195 230 269 231 298 212 254 226 229 215 199 295 205 192 160 266 171 300 276 203 172 189 219 251 214 289 188 181 262 165 257 157 258 236 279 183 176 159 190 239 180 186 288 271 264 260 168 234 216 209 185 166 241 280 206 256 217 259 223 224 249 278 163 197 210 243 191 245 169 294 193 233 272 154 242 296 162 292 151 184 187 270 194 285 291 158 265 287 297 235 178 175 196 222 153 173 261 218 275 167 237 207 255 228 268 220 290 179 202 267 240 247
150 178 160 276 282 260 216 183 233 245 159 179 166 161 185 294 291 157 203 225 227 197 253 226 239 246 155 255 299 153 286 237 196 283 195 162 279 284 207 252 293 257 210 289 213 221 267 156 280 300 269 154 208 224 249 198 171 165 287 152 200 172 228 259 223 285 217 175 202 297 151 296 164 281 219 240 251 174 180 235 231 273 206 222 247 234 271 169 274 199 268 194 205 278 212 254 230 265 266 163 168 298 184 242 193 261 218 288 258 176 182 295 186 201 158 244 190 243 275 241 204 277 192 209 290 189 264 188 256 187 238 220 229 211 292 191 272 262 232 215 248 236 263 214 181 170 250 173 270 177 167
150 179 186 154 217 268 231 162 273 283 151 294 183 234 262 190 212 175 282 156 216 221 157 256 269 299 174 208 242 170 227 184 259 200 267 177 176 229 215 233 194 172 209 204 257 270 246 239 286 155 164 193 274 251 197 196 152 195 167 250 261 245 271 252 228 192 240 253 187 288 211 266 244 202 205 163 237 263 276 160 161 185 272 285 241 225 289 213 181 206 293 222 180 279 219 264 171 230 203 297 224 153 178 199 159 189 281 275 249 201 218 207 292 295 291 226 173 191 198 290 278 236 210 296 166 169 280 248 284 300 260 254 223 265 165 255 182 287 235 243 158 277 247 168 298 188 238 214 232 220 258
150 180 195 273 268 191 279 179 275 295 262 209 202 198 165 247 274 267 205 255 238 188 276 224 246 210 226 159 282 186 296 222 187 240 297 214 166 287 183 242 289 189 200 263 293 250 152 162 219 220 229 201 230 212 260 285 248 167 170 197 249 163 277 257 215 156 258 196 203 254 266 164 271 241 280 225 178 259 272 184 207 192 208 190 288 193 172 281 181 278 161 228 204 182 211 235 233 245 153 199 265 270 176 169 290 243 283 151 237 221 174 261 177 299 300 294 234 264 216 269 232 244 292 286 291 252 185 251 206 194 227 236 168 217 223 175 155 157 213 231 160 173 253 158 239 298 218 171 284 256 154
150 181 217 283 289 166 180 191 193 295 152 225 182 272 300 208 288 259 174 260 192 219 157 273 218 155 250 276 257 156 246 184 252 238 159 205 171 245 266 296 248 170 197 243 153 255 167 160 165 216 189 213 196 263 195 221 198 232 186 210 278 285 188 279 179 292 270 269 236 267 201 265 172 154 226 233 178 151 237 293 249 254 241 173 169 275 231 204 199 281 262 256 240 163 277 251 261 164 185 230 271 268 203 212 258 211 290 229 202 244 239 158 194 223 162 235 175 214 215 297 222 264 227 242 280 200 176 224 291 190 209 220 206 287 168 253 284 282 298 183 234 294 247 286 187 299 207 228 177 161 274
150 182 232 167 175 259 238 169 196 244 189 163 226 181 158 152 207 174 219 178 222 292 291 168 296 279 284 235 179 227 264 177 201 266 183 243 276 187 202 246 288 280 186 199 225 239 171 184 151 251 249 162 223 153 188 241 210 191 197 268 295 250 289 159 254 172 269 212 160 278 260 176 263 242 261 248 154 277 215 294 271 273 237 228 274 240 161 164 272 297 236 216 247 206 293 253 282 233 220 229 299 218 209 283 265 286 290 281 156 231 298 200 166 180 217 208 285 258 192 257 300 198 221 270 194 193 255 190 205 267 214 256 234 252 245 170 203 173 230 155 275 287 224 195 185 204 262 211 165 157 213
150 183 187 279 281 181 159 252 285 212 197 226 243 263 174 282 298 175 258 191 233 273 237 284 190 288 227 271 256 223 173 153 158 216 268 295 198 184 164 177 170 296 178 240 214 152 189 280 234 225 151 188 192 236 209 286 179 235 238 166 157 244 251 169 176 249 242 291 186 182 297 266 262 294 293 193 185 278 217 205 200 257 219 229 155 232 199 172 208 231 211 250 299 283 290 248 210 276 275 180 247 270 222 287 160 228 171 206 253 272 204 241 254 300 195 165 260 289 202 154 265 221 168 161 246 267 220 245 156 230 215 203 259 194 163 218 224 162 292 167 201 261 239 255 269 264 277 207 213 274 196
150 184 154 287 209 276 201 271 227 277 163 211 204 202 248 196 168 255 152 237 180 214 264 188 253 198 240 279 158 296 161 170 229 185 256 181 231 298 244 215 299 165 269 294 156 245 193 284 239 213 218 234 247 210 166 189 203 288 182 267 232 241 167 197 157 173 259 155 285 265 292 159 246 169 272 268 217 266 236 224 252 230 251 291 208 270 212 187 177 160 174 300 216 258 164 195 179 221 200 162 186 249 220 289 261 278 199 274 235 226 153 225 238 190 223 183 262 207 257 293 194 205 228 233 151 175 178 283 243 250 254 275 176 206 219 192 273 191 280 295 260 286 297 172 171 281 290 263 222 282 242
150 185 186 176 264 294 273 246 276 260 202 164 203 173 218 281 255 209 168 167 174 153 155 296 236 184 175 249 171 183 239 201 181 206 156 198 242 189 196 162 193 280 213 211 212 210 159 289 220 231 227 199 250 182 217 233 216 208 254 292 286 238 269 293 204 154 278 266 192 256 290 248 288 221 224 295 253 258 169 244 215 268 180 235 178 271 195 172 263 279 284 187 222 274 228 272 223 265 298 177 267 252 170 240 237 151 214 241 225 160 152 282 166 229 257 190 161 188 261 262 277 197 251 226 297 158 300 247 275 245 259 207 191 283 243 205 299 157 194 291 219 270 232 200 287 285 179 234 165 163 230
150 186 243 192 253 207 268 155 197 198 212 287 286 205 187 208 271 266 167 260 257 200 189 284 236 298 182 211 203 270 202 193 223 280 291 256 259 199 153 174 272 277 161 276 156 250 163 273 183 264 216 299 249 282 238 241 166 169 222 209 162 247 239 292 170 176 206 185 221 252 267 258 226 288 196 263 242 218 240 244 154 171 289 265 255 296 274 294 225 151 230 159 231 215 194 228 283 214 246 269 157 173 251 168 201 254 224 262 275 281 178 233 278 217 297 300 160 237 248 177 293 235 181 172 210 191 229 180 179 190 295 213 279 175 227 232 285 158 188 195 184 219 220 204 165 290 234 152 245 164 261
150 187 288 291 176 274 210 171 264 286 270 205 189 239 243 230 232 236 255 245 216 153 154 277 299 278 190 265 163 209 234 217 298 166 237 250 197 173 293 284 228 214 295 165 285 177 268 227 183 218 235 160 151 164 251 267 199 202 276 203 254 266 226 292 181 169 294 258 242 161 260 287 155 174 220 231 156 158 191 290 225 215 259 238 300 201 211 282 246 261 192 275 206 233 252 188 167 281 263 240 289 180 186 296 247 159 241 249 208 212 172 175 269 196 229 219 273 178 213 198 244 194 222 272 223 280 182 162 297 253 248 256 257 262 204 279 200 283 207 168 224 185 193 195 184 179 152 221 170 157 271
150 188 161 152 199 251 287 198 296 271 180 181 286 266 227 293 298 281 166 217 218 297 179 190 289 204 253 279 237 213 206 260 267 172 196 264 215 299 262 156 241 226 165 210 294 216 231 269 184 186 178 173 292 208 240 276 176 244 195 151 192 159 272 164 250 175 278 207 174 265 211 259 283 160 197 224 255 222 182 171 295 189 243 270 223 163 158 194 234 153 209 274 228 290 252 236 229 212 185 202 288 280 275 214 291 235 157 187 273 277 201 170 249 261 169 245 256 220 300 238 242 247 221 162 155 191 248 257 203 230 177 285 258 183 239 284 233 268 232 168 154 225 167 193 254 219 200 246 205 282 263
150 189 191 225 267 242 269 250 169 213 188 292 167 266 259 156 295 151 190 171 263 297 177 234 240 216 282 227 178 249 274 218 217 186 223 164 212 174 157 170 262 264 192 285 277 220 205 199 214 198 299 258 248 231 211 239 182 155 204 207 251 241 255 244 268 276 236 229 226 209 261 162 256 291 160 253 153 208 176 168 290 281 286 293 294 288 179 260 219 161 206 152 300 254 272 183 247 203 280 173 275 201 202 200 271 283 265 215 172 210 298 232 163 187 296 222 165 228 235 180 154 196 158 278 230 224 221 270 237 246 184 166 175 287 238 273 257 194 197 185 252 243 159 195 193 284 181 245 279 289 233
150 190 272 262 161 246 226 188 158 169 293 175 180 278 235 237 258 214 152 283 244 224 252 159 199 168 269 238 202 267 273 270 220 228 215 194 250 211 280 242 191 249 212 176 155 281 231 292 232 248 263 197 297 274 201 299 241 276 195 173 247 277 167 165 193 218 233 208 189 240 227 264 192 223 185 254 268 166 221 265 162 229 151 206 219 156 279 157 210 253 288 179 298 205 291 290 160 251 172 174 285 171 196 271 295 255 154 184 286 178 182 225 230 236 260 282 287 216 294 183 200 296 186 181 289 245 239 153 284 300 164 177 203 266 187 207 217 213 261 222 163 257 259 209 256 275 243 204 198 234 170
150 191 249 161 295 273 256 265 248 204 157 201 240 282 216 217 278 158 178 286 219 224 235 296 212 194 294 297 300 247 237 215 159 153 208 269 234 220 222 152 276 244 275 227 213 263 239 274 287 261 151 169 189 171 192 253 199 290 172 202 280 270 291 298 170 198 168 243 173 238 266 272 200 195 165 257 196 183 283 188 245 288 255 228 154 174 233 184 299 277 264 162 279 177 254 292 246 211 218 203 207 284 182 197 156 229 187 225 179 251 223 190 160 293 163 267 241 175 206 252 231 193 180 176 185 259 226 285 232 186 268 181 221 236 258 250 214 209 262 164 210 230 281 260 289 166 205 167 155 242 271
150 192 269 152 189 238 232 156 202 280 219 268 266 227 214 195 173 165 175 154 256 193 261 267 206 186 241 191 253 183 179 276 170 249 160 281 216 258 209 203 243 199 223 194 239 190 250 245 264 181 230 237 236 293 286 208 229 226 260 248 242 273 171 213 178 244 167 246 263 211 294 278 257 272 155 288 177 174 151 158 204 228 188 225 255 240 271 161 207 166 201 231 251 295 180 197 222 287 184 285 221 163 200 212 284 283 270 282 262 187 247 233 159 259 290 218 176 234 210 169 298 224 292 198 289 275 277 254 279 235 153 300 274 185 217 220 168 172 215 252 299 205 162 291 196 265 164 296 157 182 297
150 193 263 243 238 171 265 192 283 257 158 217 194 268 277 241 278 169 293 216 267 255 284 226 261 183 230 175 246 173 225 190 215 276 253 181 197 211 259 165 296 199 157 162 239 187 236 174 156 258 178 281 212 220 219 273 287 195 262 229 264 202 224 164 196 206 248 201 290 182 292 285 214 269 279 242 299 184 256 270 298 168 209 221 189 271 260 223 176 300 170 177 186 191 213 272 204 297 188 151 159 252 227 210 234 231 237 251 179 245 266 247 286 166 282 163 218 291 152 172 280 288 185 250 153 275 228 233 222 235 203 167 198 254 274 180 240 154 232 208 244 294 155 160 207 161 200 289 249 205 295
150 194 255 222 224 284 203 212 215 164 296 294 232 240 223 221 286 262 209 236 163 295 250 182 269 252 239 172 176 220 235 199 237 273 192 188 193 238 275 170 184 242 277 160 226 173 282 155 171 168 204 256 181 214 234 272 227 245 246 293 179 247 287 266 229 219 186 166 205 177 175 274 189 299 165 211 270 218 159 271 153 300 276 187 201 197 210 152 206 283 251 291 254 289 244 180 196 158 190 267 261 280 195 288 213 248 279 207 230 268 257 231 154 151 241 290 169 198 265 202 260 264 258 243 157 185 216 281 200 191 178 217 228 292 162 249 253 297 285 263 278 233 298 174 156 161 167 183 259 208 225
150 195 214 186 213 205 285 161 184 292 291 232 196 154 293 241 274 235 176 164 212 201 187 207 216 236 225 165 181 215 230 238 193 151 256 269 248 172 237 244 203 200 218 250 182 262 268 226 157 266 174 228 163 255 233 192 271 221 281 273 299 166 217 259 168 245 261 191 231 275 199 264 287 178 294 177 265 158 173 277 247 189 272 169 239 160 249 289 252 254 224 219 282 276 162 263 175 183 283 206 296 227 220 210 202 253 167 204 260 153 190 257 198 270 208 300 222 251 229 223 280 179 297 171 295 290 211 279 194 159 284 288 243 188 246 267 209 240 286 258 152 234 185 180 242 156 155 197 278 170 298
150 196 178 155 219 240 238 265 206 270 207 197 268 202 250 291 151 296 267 199 264 237 276 171 152 257 298 225 161 278 258 236 173 164 285 230 239 280 154 228 212 229 203 213 253 172 163 224 272 205 186 182 176 289 233 192 269 175 294 226 201 198 216 256 194 290 189 232 245 167 170 220 246 234 252 188 275 191 193 159 247 287 210 162 165 284 195 208 185 273 261 168 156 297 218 271 283 282 243 227 288 158 263 281 231 254 209 251 221 262 222 177 179 242 157 279 266 200 259 255 174 286 169 293 211 300 299 217 166 215 295 249 292 184 277 260 181 274 204 223 180 187 248 160 241 214 190 183 153 244 235
150 197 226 183 192 266 290 271 257 209 214 297 199 204 178 206 179 300 187 262 161 225 165 170 298 163 284 286 263 222 173 259 248 289 180 153 194 285 220 238 154 269 216 261 158 211 190 213 288 230 280 186 264 293 256 246 201 202 189 292 167 295 243 281 247 174 299 200 208 233 239 283 296 156 245 274 196 242 232 236 184 254 251 287 221 224 171 244 191 152 253 277 162 166 227 185 279 218 159 276 249 164 176 210 241 215 193 160 198 272 155 219 258 265 267 212 278 169 237 260 250 177 235 282 273 217 195 231 223 294 268 168 175 228 275 252 181 270 203 291 151 157 234 205 240 182 172 207 255 229 188
150 198 217 300 157 253 291 195 191 177 187 256 214 268 153 230 183 293 221 192 254 203 174 249 212 279 242 165 154 186 227 171 266 193 297 238 286 162 290 278 296 151 202 274 275 289 158 277 257 272 260 251 169 222 288 250 282 201 194 215 236 241 255 237 234 258 248 235 244 280 223 232 259 168 213 285 229 199 269 156 166 180 295 287 270 179 245 173 292 216 167 181 239 267 240 233 283 218 200 264 261 190 176 175 205 294 189 204 228 172 182 220 155 231 225 276 299 252 196 178 209 164 208 188 273 246 160 284 163 265 210 226 185 271 262 219 298 170 263 211 161 206 159 243 247 207 281 224 184 152 197
150 199 184 272 224 256 194 216 265 201 220 298 242 264 255 251 180 163 192 151 154 244 195 186 252 152 223 270 183 280 170 188 240 266 193 161 174 274 205 262 230 233 234 294 203 209 182 175 254 288 285 257 227 235 241 243 164 261 211 204 250 289 207 225 273 248 222 214 156 253 153 269 236 258 179 158 155 228 208 268 295 300 278 200 263 226 237 229 166 202 297 217 185 157 249 221 190 292 172 283 169 271 160 239 245 246 287 162 238 171 231 212 206 218 176 247 181 260 279 168 281 196 165 299 213 275 178 173 267 259 293 290 284 296 197 219 282 277 177 210 232 276 215 187 191 167 198 291 286 159 189
150 200 282 283 184 205 253 186 273 173 286 278 299 217 176 281 277 240 161 178 218 209 174 248 193 231 267 242 202 252 285 180 215 233 185 192 165 271 154 298 297 177 182 164 163 188 190 276 249 158 196 293 156 229 230 212 213 296 272 201 292 254 280 246 256 198 238 250 204 162 279 220 228 168 258 169 179 289 251 183 172 216 191 260 243 210 208 166 214 291 266 255 219 227 259 257 234 262 270 194 159 203 265 223 241 157 239 247 155 199 152 195 211 170 207 171 237 284 274 189 225 235 244 181 167 222 226 268 232 263 275 295 287 264 269 175 294 224 221 153 151 236 290 187 197 300 160 288 206 261 245
150 201 171 206 195 241 272 258 221 256 153 283 204 224 279 219 300 198 229 239 225 189 295 259 156 261 278 220 203 191 216 245 234 218 232 244 277 160 192 252 289 297 265 154 296 228 285 173 166 210 230 208 275 196 175 182 262 253 250 282 188 183 215 270 255 170 287 180 273 162 161 298 284 235 288 179 254 226 238 233 185 223 263 236 274 190 209 157 212 264 293 231 268 217 294 202 184 214 169 267 176 222 164 199 291 266 271 163 181 152 194 172 207 213 243 193 178 197 205 240 165 177 155 151 276 248 211 167 249 186 299 200 242 247 260 246 290 292 257 281 269 187 158 251 237 280 159 174 168 286 227
150 202 204 295 215 151 298 206 225 170 267 196 185 286 237 252 203 217 259 188 199 152 287 226 197 222 268 187 241 290 224 282 155 207 164 273 171 278 274 160 214 235 208 300 293 159 200 178 162 281 179 174 266 184 209 205 233 156 239 186 262 232 271 213 261 296 189 280 229 289 284 210 257 285 180 219 234 153 247 292 294 272 216 243 291 254 177 258 192 227 263 161 157 169 194 191 166 172 244 253 250 173 223 275 256 236 195 276 220 175 249 218 221 264 230 165 248 201 181 158 183 167 168 163 212 265 182 279 245 231 193 260 211 246 297 255 176 242 251 270 288 190 240 277 283 269 228 154 238 198 299
150 203 184 262 224 151 208 194 274 216 183 199 210 273 169 251 245 212 177 259 187 190 222 181 279 178 256 200 174 182 252 176 248 201 165 180 236 229 171 295 206 263 277 223 205 260 166 215 185 219 264 225 276 282 268 192 228 218 226 160 239 238 249 258 221 246 153 294 297 299 158 298 237 247 155 281 289 287 253 284 241 285 157 170 244 188 173 293 163 159 269 189 211 172 207 175 250 242 288 286 186 240 300 168 283 220 156 233 162 257 292 196 213 204 296 235 291 161 179 266 230 231 191 232 209 198 261 152 195 278 193 197 255 202 265 214 275 271 272 243 167 280 254 234 267 154 270 164 217 227 290
150 204 275 266 199 283 207 192 220 247 216 277 157 215 292 185 167 152 195 235 259 261 233 244 260 168 186 223 203 225 206 249 229 282 202 160 240 293 294 279 184 218 163 265 217 281 254 169 288 285 180 181 243 298 190 257 165 296 280 151 291 290 245 213 252 258 256 211 201 212 194 214 153 228 268 219 284 205 188 286 227 226 295 234 166 161 271 251 253 164 191 270 176 177 232 178 274 297 198 170 183 159 272 246 189 208 241 287 162 156 155 264 171 239 269 182 210 238 248 250 209 175 173 158 196 237 221 222 255 263 278 154 262 230 197 242 174 236 267 224 179 289 193 200 273 187 172 276 299 300 231
150 205 166 289 154 291 227 287 221 273 264 201 168 167 192 248 198 174 164 270 286 293 267 247 239 274 254 226 258 208 255 235 295 261 250 257 294 279 265 209 215 197 179 245 176 169 203 188 200 296 185 276 187 171 282 249 153 285 170 202 300 158 186 256 210 217 220 284 251 238 222 211 237 180 219 233 172 155 280 283 271 206 182 161 191 151 288 259 290 277 236 234 263 272 266 252 244 178 212 278 240 243 218 225 297 292 175 281 253 231 190 160 216 194 193 152 195 224 223 241 269 275 230 165 228 229 184 173 156 232 246 157 214 163 189 159 207 298 181 199 262 162 177 242 299 268 213 260 183 196 204
150 206 239 188 199 275 273 259 291 190 224 205 154 229 299 234 177 232 240 242 266 196 211 179 182 252 294 249 244 235 233 166 298 255 221 264 216 174 288 247 219 215 282 260 227 267 246 180 157 160 193 289 253 220 161 197 272 212 250 290 237 204 172 191 278 213 293 283 202 287 198 271 156 210 268 254 175 153 292 257 276 158 173 185 285 164 183 163 214 248 258 277 261 159 195 155 200 270 186 280 223 151 226 218 263 274 236 281 300 203 167 265 152 170 187 231 184 225 230 181 165 192 243 209 284 256 176 194 222 245 279 262 241 269 178 217 238 251 208 296 201 286 297 171 168 207 162 189 169 295 228
150 207 247 156 230 175 198 157 205 215 269 164 265 242 259 220 275 264 160 281 295 216 159 254 178 222 194 179 273 238 262 248 188 154 174 287 236 270 293 228 240 181 255 286 208 209 234 193 229 214 243 151 253 292 155 218 288 277 173 189 217 276 237 260 251 297 190 274 280 201 195 239 192 224 206 299 249 267 261 223 191 300 266 186 291 161 163 221 158 176 241 171 212 298 219 153 165 250 279 196 226 152 268 170 225 271 285 183 172 244 166 296 177 245 263 283 167 182 257 289 294 200 162 187 227 233 252 272 258 197 204 168 231 235 256 284 290 180 184 246 203 211 282 199 213 202 232 210 278 169 185
150 208 197 189 229 266 187 274 151 164 280 172 258 254 218 257 273 238 224 226 220 169 232 268 178 228 157 215 213 272 275 262 264 219 155 276 286 243 191 247 217 196 283 170 235 265 248 260 207 194 250 259 271 233 285 186 277 236 242 249 281 253 202 297 203 180 287 221 204 162 175 156 230 299 182 193 244 255 201 279 160 269 216 295 188 177 289 211 261 154 183 290 198 192 246 176 256 185 181 179 206 231 234 291 222 161 239 167 237 163 252 300 173 263 205 294 209 210 240 153 293 195 214 227 245 284 225 190 288 267 199 296 251 152 298 171 158 241 166 223 200 159 168 212 270 184 278 282 174 292 165
150 209 256 297 257 272 229 172 259 300 196 271 205 166 273 223 250 258 293 255 227 183 185 165 206 299 211 287 284 224 189 266 216 270 279 170 252 275 230 200 288 198 245 158 190 208 201 267 181 207 219 248 155 222 179 280 221 235 187 163 176 159 188 278 298 203 177 182 192 241 285 233 178 213 225 152 254 268 226 171 281 160 162 210 289 191 202 277 169 260 296 243 231 212 194 253 157 186 232 154 168 215 294 195 290 291 175 237 282 197 236 153 251 247 269 264 218 164 167 234 249 239 156 193 180 184 263 238 173 276 228 292 262 265 217 174 286 283 199 274 214 261 220 295 151 244 204 242 246 161 240
150 210 154 230 214 196 221 257 186 152 159 275 195 276 223 205 240 298 225 190 278 272 287 213 254 156 157 220 242 234 173 231 177 286 180 201 300 295 178 166 165 227 183 252 255 270 292 207 155 282 199 238 277 229 209 197 244 289 269 265 239 262 172 181 261 167 168 256 296 217 189 222 176 290 236 259 291 280 219 164 216 264 161 212 283 258 160 267 232 211 237 174 163 162 215 288 233 169 294 299 200 271 251 179 224 260 203 184 204 194 202 151 249 171 284 218 198 193 248 228 175 274 241 250 188 182 266 253 243 208 158 285 273 170 281 185 293 245 191 268 153 192 206 247 187 297 279 235 226 246 263
150 211 205 180 169 219 183 177 269 299 209 226 261 173 154 239 195 163 232 218 294 284 262 246 212 283 203 286 204 238 165 229 276 297 298 245 170 208 270 181 267 268 244 156 152 224 251 161 186 235 260 158 273 228 188 300 266 206 202 242 223 250 272 193 191 279 160 213 289 159 293 234 288 259 258 280 295 153 155 178 222 240 237 296 200 236 162 227 275 207 198 164 291 189 277 281 248 247 182 225 196 255 175 187 214 285 179 265 194 254 184 215 217 274 221 197 171 252 201 292 231 174 166 256 190 230 220 157 264 151 199 271 172 263 176 210 167 278 282 216 243 233 253 192 257 185 290 168 241 249 287
150 212 258 221 234 177 285 272 182 204 273 295 289 225 189 173 249 243 240 250 214 222 279 254 206 236 158 209 211 207 185 256 159 248 227 235 237 203 186 229 180 276 152 223 199 231 247 200 205 274 242 299 195 291 183 251 162 172 161 270 167 239 196 286 257 216 220 298 252 281 253 275 187 233 282 283 288 292 290 300 215 197 245 165 262 297 230 155 267 208 160 261 219 263 284 178 174 224 241 176 246 213 188 201 181 168 271 190 264 163 198 154 194 294 193 217 265 171 278 269 164 202 151 170 218 179 255 156 232 268 166 296 238 169 226 192 293 184 157 287 228 280 210 266 191 153 260 277 259 175 244
150 213 282 159 295 154 286 248 300 266 277 170 256 152 203 237 294 212 288 155 252 225 257 258 262 253 238 217 234 199 261 260 185 179 254 222 158 166 219 270 233 230 280 174 281 240 283 200 232 176 249 272 168 250 210 247 208 191 161 216 290 267 162 263 285 172 293 298 189 299 265 151 207 187 211 206 292 220 165 255 231 169 167 205 269 153 195 204 227 276 259 289 271 241 184 193 194 177 242 196 235 201 197 215 229 226 175 239 171 157 244 163 160 214 243 223 274 221 275 181 264 178 279 291 246 188 218 228 245 287 164 296 297 273 180 190 182 209 202 224 186 183 284 156 268 251 173 236 192 198 278
150 214 208 222 225 267 213 180 207 297 217 171 255 211 187 294 284 190 265 170 258 252 191 197 221 188 247 219 289 266 250 248 199 193 202 186 293 172 195 194 201 237 153 163 166 261 174 273 176 270 256 179 154 263 238 280 215 155 226 158 228 160 182 159 181 216 184 189 164 286 264 157 169 244 271 232 275 262 283 210 206 296 230 295 300 260 254 257 291 236 178 287 198 240 272 246 161 218 203 204 276 151 205 259 249 299 224 279 274 288 245 175 162 251 223 192 227 242 196 292 231 185 239 243 177 212 290 285 229 173 233 269 298 220 278 268 183 241 235 152 282 281 165 200 167 277 156 168 253 234 209
150 215 167 190 153 254 201 177 250 193 179 286 232 257 192 188 255 164 283 287 246 198 265 165 173 260 160 256 280 269 158 182 227 267 223 262 271 245 299 274 186 199 235 263 178 161 200 184 219 264 237 152 300 189 163 221 210 155 258 243 277 290 205 278 216 229 183 194 241 185 242 211 220 213 151 226 181 244 253 218 279 291 224 259 212 207 180 261 273 195 191 276 162 284 296 176 239 252 268 217 247 275 171 157 251 172 249 159 169 197 233 289 236 208 166 298 206 281 297 288 203 170 294 204 292 266 272 231 225 202 196 234 168 175 295 248 214 222 156 282 228 187 154 238 174 293 270 240 230 285 209
150 216 244 175 271 245 172 265 169 269 195 197 287 211 237 294 192 203 264 268 168 153 282 218 273 188 230 283 190 210 225 154 239 160 290 179 171 284 173 252 259 209 220 187 167 251 215 226 258 174 253 288 233 213 278 285 256 176 275 274 200 300 254 219 232 263 267 235 221 272 296 159 255 257 260 223 184 196 270 238 280 298 152 161 291 181 202 250 151 166 183 170 246 243 207 191 224 214 289 249 199 193 228 231 177 165 281 185 242 227 206 241 189 262 248 299 205 217 208 182 292 236 180 186 156 261 194 158 286 204 164 279 163 178 201 276 240 247 234 212 293 295 266 157 222 277 198 162 297 155 229
150 217 177 247 272 226 153 179 168 236 244 158 284 194 178 159 232 187 172 173 208 250 170 270 254 218 152 192 199 204 213 233 291 274 186 183 282 249 188 225 248 209 154 231 275 280 212 252 184 293 157 221 260 193 171 176 163 214 224 262 206 295 253 239 259 256 255 251 189 167 271 266 299 182 162 269 267 288 156 261 166 246 241 164 263 235 210 220 161 296 181 222 281 165 228 242 243 200 227 237 297 201 245 196 287 211 155 174 229 191 234 277 300 257 240 205 195 175 207 276 160 286 264 215 151 190 289 273 169 180 219 198 265 202 216 268 290 298 203 185 283 197 238 279 230 292 285 278 258 223 294
150 218 176 227 258 211 184 289 223 180 251 215 202 157 226 250 277 171 271 201 275 288 243 163 213 191 152 294 192 254 244 183 285 168 217 229 266 194 268 178 196 267 274 231 295 232 220 166 239 272 283 293 242 210 209 238 206 296 237 216 259 214 228 203 249 245 290 164 278 224 282 169 199 298 160 208 281 260 270 158 234 300 195 212 186 175 286 246 273 262 156 263 269 205 198 225 170 261 174 241 204 167 236 154 247 292 151 172 297 162 193 187 219 279 280 181 256 265 173 264 276 252 189 255 188 155 233 248 153 207 197 159 240 287 253 185 165 257 200 230 221 235 182 177 179 190 291 299 222 161 284
150 219 210 231 256 291 247 278 263 154 255 270 196 251 274 295 294 186 216 202 170 234 188 296 163 288 166 290 238 300 173 179 167 273 175 257 206 182 282 212 245 248 211 292 197 265 200 235 193 266 214 260 218 192 289 207 203 161 283 287 244 299 241 183 254 268 169 165 204 272 217 180 156 159 232 264 281 171 228 187 158 237 177 220 286 293 269 168 153 227 249 240 223 250 236 195 185 246 279 229 201 184 298 271 297 162 164 252 208 275 262 151 253 190 276 178 152 267 205 259 198 224 181 285 155 209 230 157 174 191 242 176 258 194 199 243 189 222 280 277 284 160 215 226 261 239 221 225 172 213 233
150 220 184 172 286 157 242 289 295 229 294 241 284 236 253 223 225 249 206 270 179 180 293 201 204 197 161 196 203 261 170 173 224 211 272 226 230 237 216 259 252 174 268 287 232 199 202 212 154 292 209 255 298 217 281 186 198 164 290 177 228 256 234 159 245 254 195 176 158 221 264 283 263 267 222 183 266 247 208 168 163 175 248 167 280 169 274 300 207 282 155 189 219 213 296 171 205 277 262 178 251 269 166 231 188 257 238 182 299 200 285 291 246 260 194 156 244 191 297 227 250 151 192 152 279 273 160 235 193 181 218 243 276 240 275 185 265 162 210 233 215 239 187 190 271 258 288 165 153 278 214
150 221 269 292 263 256 170 198 151 248 180 257 233 278 232 294 230 188 290 152 211 181 165 243 289 293 191 274 271 237 281 212 186 217 182 156 219 283 265 189 291 251 295 215 246 220 270 288 266 225 155 185 183 222 193 157 239 163 277 279 173 194 287 162 297 166 200 213 175 245 190 218 296 298 161 240 228 241 174 214 299 238 249 168 192 204 252 247 195 286 199 177 254 259 207 260 205 179 178 203 224 209 258 235 172 275 250 234 272 273 261 284 226 184 176 231 154 223 202 229 276 268 264 262 216 208 160 187 285 282 201 267 236 196 242 169 197 167 253 164 244 153 171 300 280 210 227 206 255 159 158
150 222 263 217 221 234 226 173 198 233 213 160 292 257 294 261 191 171 238 220 187 266 280 268 254 214 181 218 284 255 289 190 195 278 186 177 210 174 259 212 201 267 236 237 282 211 182 183 240 262 239 290 295 223 279 178 194 216 291 200 204 205 297 215 179 269 300 270 265 230 165 271 258 253 207 192 245 285 203 180 298 151 229 281 242 231 256 252 209 185 293 247 273 199 250 276 163 193 288 249 241 219 196 159 232 272 155 157 166 161 169 175 283 228 167 188 246 287 299 275 286 264 162 277 248 244 208 251 153 184 172 202 260 224 274 154 158 189 227 176 296 197 225 170 152 156 235 243 164 168 206
150 223 166 214 220 283 234 187 259 293 290 154 156 202 250 249 251 236 242 252 286 170 155 261 279 206 157 289 175 253 209 262 288 179 216 267 233 278 265 210 178 273 191 295 173 248 221 152 171 235 256 237 240 201 296 300 153 231 299 258 158 292 291 238 254 182 199 243 177 287 167 264 193 185 163 219 224 284 161 200 268 266 188 197 172 194 183 196 174 245 239 169 282 260 298 164 274 168 246 215 186 192 281 226 271 190 160 222 184 229 275 257 277 213 276 217 212 280 204 207 211 181 189 230 205 180 247 228 272 176 232 255 165 263 269 227 203 162 270 195 285 294 151 198 244 159 218 208 225 241 297
150 224 154 239 294 173 255 189 202 210 240 222 193 200 232 295 190 217 152 164 289 196 259 233 285 213 156 288 299 199 298 211 205 286 287 266 272 252 188 167 197 300 183 245 212 186 237 257 216 270 182 277 159 191 227 166 161 283 153 187 275 261 169 185 264 292 260 251 281 242 192 297 171 249 207 162 214 155 198 151 274 256 243 291 263 184 174 234 254 226 267 278 177 265 228 235 163 241 244 215 218 175 253 230 206 178 290 247 179 296 201 181 221 203 208 284 293 204 168 282 238 262 180 225 229 195 246 219 194 248 176 220 160 276 172 279 158 236 271 157 231 223 280 268 273 250 170 269 209 165 258
150 225 189 287 153 253 166 180 296 288 258 229 256 158 188 254 268 219 278 212 161 267 185 207 290 182 173 220 191 241 211 277 255 233 193 208 179 186 226 292 197 218 264 228 199 250 209 284 265 293 171 178 224 198 165 245 263 183 275 210 168 221 154 175 230 172 155 214 192 262 237 167 274 206 294 184 246 176 281 242 169 177 279 243 195 283 156 235 159 190 273 217 244 227 247 289 291 295 157 271 248 196 194 204 282 286 223 205 261 213 280 203 231 201 215 163 252 298 181 222 300 297 240 236 164 249 238 269 239 285 272 266 216 170 299 259 200 232 152 251 257 174 260 276 270 234 187 160 202 151 162
150 226 209 294 297 288 204 260 231 154 279 213 191 291 221 253 219 240 270 175 230 156 158 247 207 229 249 198 162 251 276 183 179 267 241 152 264 200 193 214 203 192 289 286 186 164 298 278 280 195 181 273 218 243 222 165 296 202 258 224 259 160 268 212 184 299 201 223 261 211 227 196 237 290 285 246 172 269 216 173 177 262 271 293 167 242 292 275 220 155 161 194 178 170 263 189 300 234 255 283 284 272 265 254 238 225 174 208 281 171 153 282 245 236 256 252 190 157 151 182 163 166 274 180 206 187 257 287 197 188 277 239 248 235 169 233 244 215 168 199 250 205 217 176 185 266 228 295 159 210 232
150 227 214 282 259 291 279 220 285 269 223 233 213 298 248 207 299 182 300 271 224 217 186 168 152 254 191 206 153 278 270 293 195 258 249 170 155 176 198 216 197 283 295 174 243 187 288 169 292 247 230 185 173 178 286 241 239 231 266 221 203 268 277 201 240 251 234 179 194 211 158 276 236 212 281 274 215 163 275 289 265 229 256 200 218 164 284 252 264 273 167 165 192 263 257 162 208 255 160 228 159 193 242 209 210 222 199 184 225 235 175 189 296 253 171 154 161 261 157 156 204 290 205 190 294 188 232 183 180 151 262 202 177 245 272 219 246 250 287 267 297 280 244 238 166 260 181 172 226 196 237
150 228 156 260 285 291 251 208 161 165 210 240 171 282 159 257 198 167 180 253 205 259 169 293 235 204 275 160 288 230 172 202 151 189 254 247 227 264 256 214 224 185 194 203 174 234 153 268 158 166 229 232 265 220 219 241 187 199 267 290 211 273 271 280 299 297 206 295 196 298 284 233 213 279 225 195 170 283 186 263 278 250 193 252 179 157 262 190 266 177 155 238 237 296 197 277 176 152 281 236 226 192 244 215 289 249 222 175 239 178 223 183 292 163 154 248 242 217 216 245 209 270 182 269 276 164 261 212 173 258 272 191 231 221 300 162 218 246 181 243 207 287 184 286 200 255 168 294 274 188 201
150 229 174 168 272 226 265 224 268 235 162 249 165 240 273 185 269 199 242 209 254 213 295 225 260 274 234 221 278 296 193 170 166 256 276 187 214 205 262 270 275 291 247 219 223 228 300 200 158 157 210 220 279 201 244 216 259 206 298 217 191 282 253 230 233 207 227 236 237 181 251 192 297 246 156 155 288 188 277 211 154 197 177 159 153 212 182 243 271 264 284 266 245 183 203 289 169 294 173 198 218 161 194 267 231 189 280 283 292 261 204 178 239 257 232 186 222 287 250 179 175 176 286 258 160 184 252 293 196 299 172 167 285 290 151 152 171 163 238 248 215 208 263 241 255 180 195 164 202 190 281
150 230 185 294 151 160 214 153 173 157 176 219 229 241 194 288 166 213 271 293 279 218 243 228 275 240 251 254 256 200 168 246 172 265 269 262 245 207 188 171 215 259 273 167 244 281 287 236 159 220 191 208 224 216 211 183 289 181 295 268 239 258 280 299 250 180 237 187 298 212 163 202 231 266 161 195 158 257 156 222 226 217 247 190 223 170 272 206 205 201 184 297 253 278 296 192 286 263 227 238 255 164 186 252 285 233 277 189 221 197 152 196 174 260 290 270 235 300 179 199 232 276 165 282 175 209 162 193 291 178 204 283 203 169 292 248 261 274 234 242 284 177 198 225 267 182 210 264 154 249 155
150 231 183 176 278 299 276 223 217 279 179 205 282 161 248 239 222 191 152 230 271 235 162 291 275 228 197 199 288 254 258 262 221 212 266 153 269 300 227 180 184 198 270 234 218 238 160 247 192 253 233 255 156 178 214 195 194 242 171 216 296 175 204 229 182 196 259 284 157 202 297 167 252 163 168 277 280 172 174 177 240 250 213 151 210 209 226 166 256 246 283 189 292 251 190 219 206 201 208 215 159 260 207 273 224 211 245 187 220 264 265 286 185 293 173 200 170 298 244 154 241 267 261 165 232 249 186 268 155 281 193 294 225 188 295 285 237 274 181 272 164 236 203 287 290 158 169 243 263 257 289
150 232 215 252 213 283 199 190 176 222 287 217 198 224 249 187 168 152 184 167 269 299 227 226 207 254 154 295 240 237 163 251 294 208 192 279 300 239 268 170 160 173 225 179 223 204 169 214 253 241 290 255 246 273 206 256 250 297 262 178 281 235 275 233 183 201 203 200 285 261 242 157 298 186 162 161 284 274 247 271 205 185 180 177 158 272 220 248 259 229 195 288 263 282 270 210 296 216 175 228 212 211 202 280 151 164 156 219 193 166 182 197 234 278 159 292 265 244 174 194 196 221 188 209 286 260 155 165 243 277 230 238 291 218 189 289 191 236 257 153 293 276 171 267 181 264 245 258 266 172 231
150 233 190 242 182 157 231 289 219 209 259 199 155 285 234 160 267 278 237 243 239 217 158 193 187 257 178 226 251 210 198 186 151 272 287 247 194 176 276 255 213 256 218 164 292 184 174 266 171 162 241 297 248 161 208 207 277 202 189 185 235 263 293 232 192 175 216 290 215 179 196 279 269 224 252 281 206 181 227 244 169 261 230 299 284 159 273 265 201 238 291 212 254 221 228 286 280 197 170 173 300 294 167 214 295 195 205 156 258 191 168 271 200 225 166 260 211 283 152 270 180 275 236 296 274 154 172 240 249 204 262 246 250 229 253 203 153 288 268 188 163 183 245 282 177 220 264 165 298 223 222
150 234 202 167 190 200 199 171 165 192 209 275 245 178 229 157 172 174 296 230 276 262 214 201 183 267 179 287 225 242 222 186 154 194 176 218 227 223 164 258 288 248 182 236 217 243 170 208 280 226 254 294 298 168 180 250 274 297 233 273 207 271 246 239 185 210 195 277 257 285 295 188 153 284 269 238 162 181 244 264 224 196 247 173 256 252 163 206 232 253 286 290 187 282 265 281 212 156 161 205 255 268 152 219 261 283 228 289 204 211 266 278 191 166 263 249 189 193 203 215 231 259 184 270 300 220 177 175 158 155 292 235 213 237 260 160 299 293 169 291 159 241 197 251 240 272 198 279 221 216 151
150 235 215 170 168 188 159 195 247 165 243 175 158 202 200 273 281 211 189 161 249 265 267 152 221 151 229 261 223 252 172 239 181 226 245 266 288 185 242 190 193 162 284 210 206 263 194 220 282 153 286 277 246 230 264 298 291 192 244 186 169 274 297 231 254 256 259 178 164 224 268 167 212 258 271 171 240 201 262 155 217 241 198 233 234 270 163 238 237 219 177 236 292 280 276 293 287 157 299 176 197 279 184 294 207 260 183 160 257 248 253 156 214 209 203 179 208 272 174 290 191 296 283 289 228 180 216 154 199 295 269 204 166 255 182 218 251 205 250 300 275 187 227 222 213 285 196 173 225 232 278
150 236 239 278 155 279 224 231 249 173 187 272 269 240 153 177 281 275 300 207 181 167 172 182 201 247 161 268 218 226 192 243 185 175 191 245 228 221 232 276 237 282 234 213 264 199 257 271 215 267 227 291 151 179 289 255 195 216 188 263 262 288 273 170 219 212 229 295 154 214 274 287 198 205 222 261 220 256 176 190 254 293 225 290 196 169 298 217 292 156 203 184 157 250 266 244 168 158 194 164 296 283 265 197 248 171 270 200 238 178 152 209 277 180 260 284 294 202 241 258 211 210 193 246 159 166 189 253 174 285 280 251 160 252 208 230 204 233 297 206 165 259 299 235 183 223 163 186 242 162 286
150 237 229 186 187 183 238 198 194 170 185 214 259 171 158 226 292 174 169 289 262 164 184 191 230 202 243 209 279 204 190 248 296 217 271 172 213 206 163 297 249 207 216 179 192 273 220 182 258 277 215 276 260 155 218 290 280 193 285 234 152 153 293 165 157 224 200 264 253 241 252 201 159 195 231 151 291 256 239 288 156 265 294 300 225 242 283 162 208 282 274 228 281 299 222 203 175 278 173 250 205 254 257 197 177 154 272 166 233 284 263 266 269 188 286 298 167 261 287 176 160 199 244 245 232 247 295 211 255 180 268 223 267 178 246 168 219 196 181 270 227 275 240 221 235 236 251 210 161 212 189
150 238 159 296 237 300 281 244 262 179 230 282 273 220 199 241 198 240 154 194 156 271 284 247 211 232 174 252 292 267 294 183 178 172 229 279 205 176 243 288 213 291 275 210 193 200 160 236 185 170 264 151 293 234 254 221 249 167 187 266 270 257 255 228 233 223 265 175 158 216 217 297 299 201 287 259 219 207 242 226 168 161 269 225 155 263 192 272 276 203 204 189 224 246 209 256 202 214 197 208 285 231 245 177 258 186 171 173 182 184 215 166 253 289 181 250 239 196 274 169 188 165 157 163 152 153 195 218 164 260 286 180 268 222 295 280 248 162 298 277 278 251 206 212 227 190 235 290 283 261 191
150 239 228 270 213 157 206 293 279 225 272 205 211 155 197 177 255 226 281 237 268 227 167 212 191 222 244 165 298 221 269 252 184 152 153 247 246 151 264 282 295 232 234 235 187 238 161 214 178 299 160 154 198 220 223 274 199 288 251 243 263 194 278 280 271 188 203 273 158 169 207 236 200 277 196 217 258 159 275 215 260 292 256 179 201 297 180 254 296 192 156 166 259 174 189 224 208 267 229 164 242 233 209 284 248 193 262 210 250 181 240 170 245 190 266 218 300 285 257 171 185 219 204 289 286 230 241 172 249 276 291 195 253 283 231 216 173 202 176 175 287 261 265 186 183 182 162 290 294 168 163
150 240 162 288 167 253 176 285 161 200 235 208 175 230 258 182 212 232 286 171 159 222 259 296 283 274 257 180 198 165 203 218 271 181 238 190 295 210 154 193 183 163 279 209 289 229 297 277 234 290 291 263 272 266 273 152 166 174 247 246 264 224 278 157 197 299 221 251 248 233 214 179 269 292 261 168 241 225 282 300 216 173 192 239 194 156 215 275 219 293 256 158 294 276 231 211 267 223 213 201 191 260 172 298 242 204 281 237 189 284 217 202 236 155 207 187 245 227 186 184 280 178 199 254 228 226 164 255 196 268 287 160 252 243 188 270 169 262 250 249 206 265 153 244 205 195 220 151 185 170 177
150 241 275 271 168 171 229 155 188 186 194 287 283 238 251 166 167 151 182 196 232 214 213 199 197 260 279 208 173 248 187 212 192 242 252 174 206 263 179 159 273 176 243 165 195 224 152 175 281 268 300 154 200 261 272 202 228 249 177 270 240 290 297 227 216 218 226 184 170 267 294 284 256 282 254 161 203 215 198 299 185 245 204 295 274 259 156 255 278 286 265 231 183 262 219 230 225 246 293 250 163 180 258 210 237 289 233 269 153 172 211 189 217 169 162 257 209 222 292 223 296 201 160 235 178 221 276 291 264 164 193 190 253 288 266 220 236 158 298 280 244 277 234 285 239 205 207 247 157 181 191
150 242 297 198 282 223 210 183 199 221 228 196 202 191 152 167 188 244 272 168 192 287 259 153 280 235 273 222 240 252 236 251 208 213 267 186 290 214 233 274 187 200 157 230 193 226 239 156 276 238 190 237 175 176 271 161 216 300 292 194 283 248 258 247 288 163 172 285 166 178 245 253 184 227 284 220 212 262 164 263 177 169 286 180 173 201 294 224 255 234 217 170 279 264 232 257 265 250 260 231 195 182 275 218 269 154 159 256 160 243 151 203 295 298 174 158 291 289 241 162 225 266 155 296 268 179 249 204 261 219 165 254 181 277 171 207 299 293 246 229 278 209 185 211 215 206 205 197 189 270 281
150 243 296 200 174 179 155 230 228 180 267 248 250 189 173 165 259 273 151 251 235 197 177 289 156 231 249 262 236 276 187 158 215 210 246 183 181 297 266 265 169 199 188 298 226 217 281 190 220 163 293 203 201 242 157 261 254 175 245 232 212 240 274 160 275 213 214 237 238 286 167 224 271 292 185 221 170 278 285 252 209 186 234 253 264 280 192 161 216 184 282 196 168 227 260 299 295 258 191 290 287 272 171 152 294 244 204 207 255 288 222 279 153 239 247 277 154 256 205 166 159 194 300 164 193 198 218 268 219 241 206 208 211 233 202 178 263 225 291 223 283 172 284 162 195 176 257 229 269 270 182
150 244 189 199 262 220 201 192 195 238 281 157 254 235 248 294 264 163 236 188 268 278 298 297 172 285 237 211 243 154 299 270 233 259 273 207 185 160 204 242 161 196 181 190 282 289 197 209 222 232 300 261 241 194 205 267 265 187 173 217 226 155 183 202 271 296 257 293 179 255 247 153 252 277 159 164 214 279 295 170 263 246 245 175 274 162 165 288 167 156 210 184 240 272 227 169 219 215 234 276 239 225 231 151 174 269 177 221 218 158 198 258 253 180 286 213 280 212 186 223 193 152 178 166 208 203 292 191 260 200 229 176 287 290 284 182 224 250 230 283 216 228 266 275 251 249 171 256 291 206 168
150 245 232 163 295 159 213 287 172 192 224 286 155 234 173 191 230 211 206 237 164 204 266 168 185 178 207 239 223 220 284 222 202 243 231 294 182 157 288 276 265 196 156 216 262 267 180 218 235 258 274 219 186 179 285 246 217 227 199 169 184 188 259 174 221 175 271 165 251 247 212 201 256 153 194 154 183 158 281 177 167 277 197 255 273 209 296 241 291 195 214 233 210 280 269 263 300 161 249 244 215 236 240 189 190 275 171 248 298 151 264 260 208 283 200 226 205 229 242 203 270 282 228 299 289 257 193 290 292 187 279 261 238 254 170 250 272 198 166 268 278 293 225 162 176 297 181 252 160 253 152
150 246 230 294 155 252 276 271 166 268 259 255 236 290 191 275 270 297 169 264 183 156 261 262 273 218 170 212 285 205 277 300 198 164 286 206 284 251 244 254 292 163 159 250 227 260 231 175 282 177 200 199 272 214 287 186 210 295 222 152 265 280 248 178 162 158 247 203 209 249 241 232 157 225 243 220 221 267 192 180 257 263 226 176 274 266 202 296 298 278 253 188 238 174 160 213 184 217 153 165 291 168 196 173 299 256 181 151 171 187 216 194 161 195 208 293 167 237 182 288 281 179 235 245 224 211 154 172 223 283 234 219 242 197 190 204 289 229 240 215 233 193 189 207 228 201 279 258 239 269 185
150 247 266 271 226 166 281 235 279 223 151 179 203 233 299 172 265 156 173 206 228 249 282 175 259 155 260 269 178 188 264 153 255 267 277 209 238 185 167 190 232 189 280 236 288 300 287 217 237 193 251 219 182 159 184 290 295 197 201 191 160 210 216 292 170 163 208 234 183 214 152 278 230 213 293 220 154 221 180 202 165 211 273 204 286 224 270 263 177 261 243 285 254 297 275 253 252 231 274 294 227 181 218 187 212 207 157 272 195 222 171 200 289 244 250 186 161 240 176 164 239 245 168 196 215 198 199 256 205 242 258 262 241 248 158 268 296 291 276 246 192 257 174 298 194 284 229 225 169 162 283
150 248 190 279 252 274 188 266 291 196 261 262 211 170 300 156 242 265 275 218 158 213 168 224 184 293 166 270 194 298 176 244 187 267 182 281 240 255 245 249 250 186 239 229 180 290 231 164 292 206 152 271 216 159 286 178 294 193 198 230 177 191 285 205 157 232 254 238 257 234 169 277 201 233 253 263 289 151 174 237 260 278 241 185 280 171 269 256 207 161 165 153 179 183 282 225 227 288 162 209 200 155 163 199 167 258 287 243 217 272 273 212 173 172 202 264 268 228 192 246 284 296 223 181 222 251 210 226 197 154 215 214 247 299 220 204 236 203 175 189 195 235 259 283 295 276 297 160 208 219 221
150 249 188 217 196 168 205 164 176 224 157 186 241 278 282 177 239 174 265 222 274 201 259 156 234 245 212 228 155 257 175 197 207 208 295 171 213 231 238 232 159 280 172 263 261 287 162 251 184 270 180 291 243 204 242 247 250 221 226 192 281 252 189 260 187 219 236 169 229 269 235 203 215 194 248 154 153 185 178 182 273 233 298 266 284 209 181 272 220 237 190 211 244 293 262 290 206 230 165 195 292 225 296 279 210 163 297 255 253 256 300 179 288 289 294 199 271 227 166 158 275 285 264 286 183 191 161 299 254 268 202 170 283 151 246 160 216 214 258 267 240 218 200 193 277 276 198 167 223 152 173
150 250 227 201 163 168 175 200 263 177 248 280 236 269 226 294 243 239 169 185 257 286 289 288 159 218 290 299 173 156 261 188 219 202 204 214 167 282 297 157 283 209 179 181 230 235 266 206 165 295 231 205 221 215 247 244 281 195 210 262 208 274 190 233 211 284 172 213 193 242 234 186 192 293 170 251 232 194 161 229 178 154 166 212 255 276 187 267 268 277 220 292 198 285 182 222 203 189 258 180 275 224 225 160 300 164 238 252 176 249 184 162 152 278 228 273 158 240 196 253 270 153 155 217 183 246 197 279 174 223 237 265 254 264 241 151 271 191 260 245 256 171 272 199 207 287 298 291 259 216 296
150 251 165 222 249 227 255 247 262 159 287 180 154 261 286 254 157 177 269 299 277 158 256 272 289 164 185 169 265 168 156 239 267 218 186 200 257 201 174 191 276 229 295 291 163 220 285 284 240 297 283 233 236 243 192 263 213 195 292 235 245 215 217 179 172 190 162 176 278 298 182 260 230 212 193 151 188 178 173 294 171 205 275 296 211 241 237 270 248 209 281 161 253 183 280 196 225 274 153 198 175 288 199 250 293 300 216 234 194 282 170 184 223 232 224 204 197 189 202 273 166 208 266 259 242 214 252 246 203 279 264 187 181 206 152 207 210 268 219 244 160 231 290 226 228 155 258 271 221 238 167
150 252 220 224 179 273 195 171 181 268 283 162 207 174 164 231 227 248 247 191 153 241 194 256 294 292 200 236 201 285 234 178 258 198 197 161 209 279 276 192 180 296 225 160 265 259 176 249 300 152 172 206 177 155 167 189 286 297 239 272 274 291 222 188 183 244 250 299 204 165 219 266 267 243 215 163 214 284 290 156 262 270 169 235 221 196 212 211 255 154 208 238 298 151 245 261 193 295 263 216 271 254 233 275 251 202 260 223 199 253 226 228 185 175 166 158 230 217 269 240 182 232 281 203 277 287 159 187 264 280 293 237 246 184 157 242 210 289 218 190 168 213 282 205 186 257 173 170 278 288 229
150 253 292 159 197 177 247 289 283 199 170 234 196 176 264 155 290 178 229 207 172 280 238 240 245 218 293 259 168 154 181 228 241 175 251 297 282 152 194 299 210 169 285 277 255 164 160 276 208 274 173 220 198 287 156 249 300 219 273 162 179 212 272 205 163 153 203 265 267 262 256 189 294 158 298 165 237 242 275 167 278 260 226 151 213 227 225 195 288 244 209 235 217 215 190 239 269 200 183 270 271 185 187 232 257 250 233 202 268 184 201 236 224 261 222 291 258 221 204 279 230 182 214 284 223 191 295 243 281 216 211 157 248 231 171 254 166 252 296 263 161 188 193 286 206 246 180 266 192 174 186
150 254 214 209 276 185 271 207 160 278 215 261 262 239 234 167 200 197 199 195 170 247 291 178 299 298 175 183 260 210 201 177 258 204 265 194 285 269 224 244 203 158 157 231 259 186 193 161 284 251 202 163 187 220 292 180 216 246 189 169 294 229 277 228 267 164 151 218 270 221 268 162 205 222 219 288 184 273 242 238 286 252 212 208 155 227 181 211 237 287 296 281 174 275 165 213 289 280 226 217 225 172 295 191 166 248 297 264 272 223 233 230 243 257 190 253 198 282 240 156 293 192 171 152 245 266 255 249 235 159 196 154 274 241 279 206 300 182 168 283 232 188 173 179 176 236 250 153 256 290 263
150 255 247 165 209 218 294 227 164 219 299 249 186 281 256 222 170 151 225 252 226 221 198 232 287 169 273 187 261 168 231 153 201 288 154 179 210 190 206 285 182 244 230 234 235 300 194 192 174 163 162 258 178 253 240 175 265 195 270 282 257 292 297 216 243 180 289 260 152 223 290 160 220 237 157 191 291 283 188 275 161 248 284 236 279 272 183 268 204 213 181 278 189 251 267 166 246 238 274 205 176 266 158 298 200 167 293 264 212 173 177 203 217 286 280 224 233 193 208 263 207 239 171 271 228 241 276 184 269 156 254 296 295 259 172 277 159 155 242 215 245 262 211 185 214 199 196 197 202 229 250
150 256 203 213 262 294 190 158 283 167 168 277 248 273 274 246 163 255 242 252 250 275 290 186 170 245 220 284 251 292 195 269 153 297 152 212 266 171 197 285 169 263 258 210 208 187 157 229 207 300 282 182 222 236 289 249 188 265 260 259 280 161 216 298 233 228 172 267 241 173 227 230 159 271 165 232 193 201 296 215 202 154 261 192 278 272 225 270 217 254 276 196 244 268 204 206 156 155 175 243 164 214 237 218 235 231 189 160 287 281 223 179 184 291 166 264 174 151 191 162 198 209 176 200 234 211 183 239 180 247 177 219 224 299 240 178 226 279 194 286 238 288 293 295 221 253 185 199 257 181 205
150 257 220 243 242 267 218 164 157 268 226 225 152 292 180 252 213 237 194 247 253 300 296 175 255 282 261 274 239 236 181 155 198 297 154 192 235 223 272 293 295 212 221 176 222 265 206 156 248 195 298 271 173 171 168 190 184 276 262 250 207 202 291 178 299 240 186 238 229 245 232 233 185 294 224 280 189 289 193 251 286 256 275 188 174 200 273 158 287 203 160 278 199 215 230 266 167 288 201 217 263 260 227 197 205 153 285 204 151 270 228 166 279 284 283 191 231 249 241 214 183 210 209 196 234 187 162 259 216 182 208 246 170 269 264 172 163 169 277 254 219 177 290 161 179 281 244 165 258 211 159
150 258 197 268 191 170 239 234 219 176 229 174 155 281 211 288 277 223 261 213 271 166 298 222 179 294 233 165 250 256 171 278 159 195 252 270 236 202 269 194 240 290 164 205 230 249 243 235 242 152 293 167 153 210 156 163 206 295 161 300 291 251 273 276 178 289 253 260 245 196 201 259 279 283 200 285 297 238 263 275 220 217 168 173 262 175 231 224 182 296 218 154 212 227 215 226 208 186 244 183 232 188 267 282 157 151 237 187 192 266 189 287 274 292 225 257 162 190 284 247 254 169 228 221 180 160 203 280 172 177 158 272 216 241 299 181 209 198 246 248 207 264 214 204 185 184 199 286 265 255 193
150 259 228 262 281 204 251 206 167 264 178 297 203 285 195 240 239 190 290 172 249 278 193 236 276 252 266 179 223 296 177 279 156 168 245 284 152 205 224 209 286 183 229 164 232 154 220 295 196 226 263 250 215 242 184 294 265 291 208 157 214 207 293 261 243 199 256 163 299 161 170 283 298 176 202 277 171 273 275 182 221 272 292 280 155 194 216 288 238 165 237 225 175 257 212 174 231 191 234 289 254 247 300 185 173 181 270 260 166 213 222 197 186 282 258 246 169 198 233 287 187 218 253 188 244 180 230 151 210 219 162 274 241 267 255 271 153 211 201 269 159 268 248 235 217 200 192 189 158 160 227
150 260 246 264 277 281 197 285 256 237 157 217 261 199 289 156 160 173 188 241 218 154 204 171 276 286 210 195 283 272 252 180 177 206 212 290 213 153 238 208 192 262 269 221 230 270 254 216 297 200 189 202 296 229 280 271 248 155 170 257 185 294 258 162 244 209 266 164 215 168 178 190 247 225 239 222 158 224 228 163 211 268 282 249 279 234 187 233 284 196 167 255 227 169 232 245 253 194 152 183 166 251 182 191 223 151 214 220 161 295 275 299 193 174 265 293 226 207 274 259 243 159 240 287 176 242 267 236 250 231 273 175 205 235 292 172 184 181 291 203 278 201 300 179 198 165 298 186 219 263 288
150 261 287 166 210 259 216 217 237 153 232 253 178 180 203 173 167 202 267 218 252 293 298 163 213 208 205 242 277 278 236 234 274 222 257 288 260 212 246 176 193 294 280 185 263 164 151 266 276 207 187 296 264 215 170 159 255 241 191 204 291 282 284 211 152 220 223 256 269 247 184 209 254 233 169 235 227 272 189 270 248 194 157 196 251 250 273 268 238 197 182 199 201 224 154 156 286 290 295 195 206 186 214 165 240 200 271 244 181 231 229 171 168 190 243 192 281 249 221 265 283 175 188 262 245 219 198 292 158 225 172 179 275 230 239 226 297 299 177 300 155 258 289 183 174 285 279 160 161 162 228
150 262 272 241 242 152 266 191 198 253 187 285 167 248 223 219 169 195 218 232 233 238 212 265 204 217 175 231 295 224 276 297 160 244 205 157 176 172 261 246 154 282 186 236 228 173 151 162 168 287 239 247 240 278 229 177 166 211 274 207 203 249 184 284 181 194 267 277 293 199 163 185 200 263 292 254 178 153 298 179 161 268 269 251 197 206 271 283 165 192 220 215 226 225 158 256 159 243 182 202 210 289 213 193 227 214 156 286 170 155 257 255 259 300 180 288 174 190 250 273 171 216 260 189 296 264 281 237 230 294 196 280 290 188 279 164 201 222 221 299 209 208 235 183 258 291 252 275 270 245 234
150 263 290 186 285 212 159 299 188 218 171 161 296 233 155 225 267 247 269 165 282 211 160 294 163 245 152 227 167 175 279 181 231 242 196 216 214 187 234 205 179 238 243 197 262 191 206 172 228 153 193 226 170 174 287 260 246 202 185 251 198 281 213 278 194 283 207 265 293 300 195 235 252 210 256 157 173 183 255 286 271 257 276 204 201 180 249 224 190 258 250 199 270 209 272 239 297 184 208 158 215 237 154 232 273 295 259 220 253 277 221 192 288 236 166 230 223 241 274 284 222 229 200 176 151 244 266 189 182 261 268 240 248 275 292 169 264 168 164 298 217 177 280 289 178 156 291 203 254 162 219
150 264 266 298 269 204 165 190 241 229 187 236 289 199 238 283 246 299 213 185 267 163 159 260 211 179 220 230 244 222 278 231 166 162 203 173 281 161 196 169 152 291 232 273 223 276 251 296 288 155 253 295 247 259 193 285 228 202 245 175 214 210 197 254 227 268 206 293 286 282 252 270 178 292 300 275 217 208 234 248 279 191 180 226 186 233 271 216 240 237 263 294 209 257 158 280 184 174 154 277 225 192 194 272 290 171 265 287 243 218 256 168 177 200 160 255 157 164 176 215 189 250 284 205 201 182 297 224 167 235 172 261 153 212 249 274 262 181 170 221 198 239 151 183 207 156 195 258 188 219 242
150 265 298 189 229 289 287 237 300 290 230 253 297 154 275 224 158 273 185 255 288 169 210 155 281 234 221 233 183 246 291 222 184 168 296 177 270 272 266 164 258 206 182 180 174 198 226 217 218 243 262 261 173 203 295 227 248 204 252 247 292 197 293 176 271 225 236 165 223 241 194 279 160 228 199 179 157 299 239 216 245 175 249 212 178 162 207 232 166 208 193 285 202 277 269 260 159 294 284 244 220 274 267 280 195 187 190 191 205 257 214 215 282 213 254 188 276 201 251 152 209 286 163 242 240 153 151 211 263 192 219 264 238 172 181 268 196 171 200 170 259 278 156 235 231 283 167 256 161 186 250
150 266 164 293 187 213 283 257 214 300 195 222 294 169 161 289 265 207 291 181 216 190 254 186 210 261 240 165 244 159 230 225 152 184 271 166 245 174 255 258 199 242 220 221 241 191 158 176 239 206 208 224 253 167 151 288 223 229 218 205 193 172 272 248 270 196 267 287 162 215 182 282 234 259 285 157 249 292 168 185 171 175 275 250 188 273 252 202 277 236 178 189 200 232 194 231 192 160 212 296 284 290 264 268 156 274 209 260 233 269 299 153 183 278 154 279 286 276 228 219 204 198 211 298 247 170 203 297 179 262 263 173 243 180 227 226 280 281 246 155 177 197 238 256 235 217 237 201 295 251 163
150 267 293 186 225 161 251 297 190 200 214 166 183 278 240 238 281 201 271 283 298 180 249 195 291 295 270 221 154 178 223 217 212 194 282 207 202 163 296 269 276 232 158 246 234 222 162 204 189 193 155 273 261 289 277 171 250 256 243 196 218 262 241 285 215 255 245 172 288 210 199 224 164 259 197 299 272 239 226 191 220 279 265 253 185 260 254 286 274 206 229 275 290 157 208 159 168 213 237 182 192 264 198 258 188 187 177 300 227 236 219 176 235 247 248 230 165 257 252 231 174 179 167 170 294 244 211 153 280 181 156 242 268 160 209 184 228 284 205 152 175 216 287 263 266 292 203 169 173 151 233
150 268 171 185 162 165 289 262 294 247 255 270 209 202 163 155 298 151 172 175 254 156 221 267 200 251 180 256 225 286 187 244 259 203 223 248 169 300 272 164 265 269 213 241 297 220 198 186 234 229 282 168 157 292 271 201 181 184 232 261 281 199 227 274 173 215 235 291 242 217 239 296 210 195 249 183 160 191 237 275 192 233 278 177 250 190 243 178 154 170 228 290 299 158 257 204 240 176 287 153 258 285 266 253 161 226 279 293 252 152 197 264 167 219 283 230 188 236 245 189 295 238 224 216 193 231 263 196 260 179 174 205 166 222 288 276 284 273 214 212 277 211 246 208 218 280 182 207 194 159 206
150 269 277 224 276 225 206 226 235 207 199 191 167 165 240 157 253 175 299 200 286 220 227 260 266 153 188 172 271 278 244 173 176 249 221 202 274 289 170 192 160 161 239 290 185 300 166 208 190 213 279 186 281 295 217 265 156 163 242 257 171 210 288 262 270 194 254 193 162 189 223 294 182 178 174 259 164 264 183 155 219 297 184 195 216 241 209 291 203 211 205 296 256 212 187 168 283 152 267 229 228 234 201 282 275 198 248 255 218 197 230 252 180 237 238 177 243 179 280 159 245 261 222 196 285 263 246 231 287 298 181 169 247 251 268 273 232 284 258 151 292 215 272 204 236 293 250 158 214 233 154
150 270 161 248 194 256 164 151 193 152 217 238 166 298 249 255 240 182 180 226 297 290 282 184 296 278 279 219 265 233 207 292 300 259 241 213 281 269 192 280 158 159 181 253 195 235 176 228 205 218 204 163 260 237 257 261 242 190 172 276 209 197 224 168 165 291 222 189 232 229 262 186 277 250 185 285 294 295 247 234 272 271 293 179 254 214 200 169 289 221 167 157 208 155 244 201 202 268 286 251 174 183 267 283 223 196 171 263 198 160 162 231 245 156 170 216 252 275 225 299 284 220 199 178 258 246 187 211 212 215 154 236 230 177 243 288 227 188 175 266 203 206 287 210 273 191 274 239 264 173 153
150 271 220 262 202 151 278 300 231 292 184 251 165 252 199 298 168 285 248 280 234 169 276 206 156 291 232 294 208 258 178 241 191 203 268 212 219 217 261 172 188 166 228 164 153 214 152 277 162 180 225 269 240 264 244 207 161 174 173 192 279 272 185 282 259 210 290 221 177 242 179 187 183 213 209 273 263 211 218 288 193 299 293 201 274 267 176 216 196 200 182 171 163 197 222 250 249 190 254 155 235 296 215 226 236 186 266 230 255 205 159 223 297 181 175 287 270 224 233 239 245 286 295 160 229 158 227 157 256 167 237 243 170 260 281 283 275 198 194 257 284 204 246 265 189 253 289 247 195 154 238
150 272 171 211 196 170 242 179 287 243 233 250 292 210 200 167 174 198 181 215 163 228 229 271 226 201 169 217 221 222 191 281 173 283 268 296 224 162 257 277 153 240 218 251 160 236 199 208 235 237 159 180 192 253 279 195 274 203 275 177 262 190 230 300 183 285 155 299 223 263 186 270 260 178 182 293 197 284 185 248 219 166 255 156 244 152 245 291 264 184 207 269 202 187 249 266 188 252 189 289 212 239 246 216 175 158 227 273 193 165 213 258 261 290 164 259 254 282 151 206 154 297 241 205 234 286 294 220 176 298 276 209 168 238 280 265 204 231 172 232 256 157 214 278 225 194 295 161 288 247 267
150 273 282 274 164 236 175 233 191 242 265 152 182 194 181 279 183 179 215 257 244 222 226 277 248 203 188 253 163 170 284 202 271 230 237 289 172 229 192 272 250 266 206 176 225 154 219 220 234 167 245 212 174 198 178 153 157 239 256 189 267 261 283 297 186 223 207 286 285 200 288 255 214 168 238 231 218 204 171 156 224 290 184 263 268 166 269 300 173 293 252 210 275 160 247 216 197 201 260 221 259 193 208 262 278 249 205 190 180 165 240 169 251 195 227 199 258 155 294 235 246 254 280 158 151 187 211 185 281 287 232 270 276 264 177 299 213 298 296 243 209 295 162 196 228 159 217 161 292 241 291
150 274 232 154 253 225 158 293 251 279 243 250 236 230 290 237 281 200 159 296 207 213 156 271 220 268 262 300 193 248 186 240 295 263 170 234 223 294 266 205 282 166 218 201 187 239 227 252 278 185 217 210 259 162 176 247 163 179 287 221 275 191 291 188 224 203 258 160 204 228 182 196 283 180 212 299 175 202 270 256 254 211 289 167 169 198 174 229 178 298 286 246 276 273 297 277 155 280 261 215 245 171 194 255 269 183 157 164 284 168 292 219 260 264 192 172 222 241 173 209 184 249 285 165 214 161 199 267 153 288 235 151 206 226 208 272 231 190 197 177 238 152 195 265 257 233 242 216 189 181 244
150 275 157 156 185 168 200 181 290 214 245 186 196 166 203 229 257 182 292 247 297 232 252 198 250 248 265 278 155 281 269 294 230 241 206 204 258 279 153 266 235 282 164 276 211 222 283 208 177 172 163 167 253 209 260 240 238 217 183 161 205 289 189 271 152 288 231 188 296 213 277 237 151 286 187 202 180 199 184 298 251 158 280 254 179 239 210 262 173 255 287 190 244 216 192 242 270 228 171 299 212 159 194 178 215 263 220 295 224 176 193 285 293 169 284 160 226 170 174 197 273 162 219 218 272 243 259 256 221 291 191 236 225 233 227 261 274 195 223 268 264 246 207 201 154 249 234 165 175 300 267
150 276 170 161 173 158 243 267 244 228 162 294 192 256 189 295 160 279 163 169 242 265 223 287 300 270 225 185 245 171 234 263 281 168 290 157 175 172 207 285 229 193 203 248 181 259 165 262 237 238 197 164 210 224 230 199 272 186 209 183 153 204 205 286 278 271 187 297 217 252 154 257 273 240 260 155 261 291 232 216 253 219 254 247 293 231 180 289 212 298 213 296 220 174 274 214 178 241 288 239 236 235 159 166 190 176 255 151 191 198 227 202 152 201 282 275 184 299 218 249 258 195 280 277 206 251 250 196 200 211 182 222 269 194 246 264 233 215 284 167 226 156 268 283 208 179 221 188 177 266 292
150 277 226 151 260 155 173 178 168 278 294 189 171 251 187 165 196 225 204 295 247 271 202 219 287 235 207 210 167 299 275 228 249 192 156 237 293 259 211 223 248 255 169 244 159 194 216 182 191 183 253 208 166 221 158 263 224 170 161 252 258 199 186 217 176 188 185 184 164 266 289 296 201 246 174 218 239 222 232 206 157 230 273 177 265 181 172 254 215 276 243 300 220 256 291 283 285 175 250 214 198 264 257 270 280 200 154 193 267 180 231 213 281 209 203 261 245 195 234 274 282 153 163 233 269 197 238 284 179 298 190 286 227 205 292 236 152 297 212 241 279 242 162 290 272 288 160 240 262 268 229
150 278 218 152 193 275 196 292 207 184 241 198 253 174 220 209 153 247 173 261 168 154 202 285 214 166 281 239 165 177 299 255 197 273 162 210 240 260 262 192 249 237 159 219 254 294 283 265 288 268 270 252 298 287 271 280 228 181 206 167 259 246 211 236 183 203 277 223 295 156 293 222 250 208 291 231 187 186 185 180 229 284 199 215 243 274 244 179 201 296 267 161 251 170 300 230 189 157 266 235 245 263 225 272 248 269 297 195 175 188 163 257 233 194 224 279 205 216 191 200 282 227 182 286 258 234 169 226 217 164 289 178 212 190 204 256 213 276 221 176 290 238 158 172 155 264 160 151 242 232 171
150 279 298 186 241 247 284 222 242 187 219 206 178 281 244 196 246 175 277 210 283 243 229 172 278 185 194 193 205 290 171 228 239 264 233 189 166 197 250 184 294 293 151 202 296 156 237 220 167 256 299 173 177 176 259 232 174 192 251 268 161 168 216 286 266 209 255 254 252 285 276 227 159 253 269 164 152 265 180 225 207 271 153 201 157 224 230 191 236 212 300 223 258 282 181 238 235 155 170 297 162 248 240 257 211 272 182 245 226 195 287 273 295 154 165 292 261 221 234 190 215 198 217 262 291 188 280 200 214 275 160 203 158 267 274 169 260 199 231 183 208 163 204 179 270 289 263 249 213 218 288
150 280 299 215 194 276 239 192 164 218 294 285 267 208 179 275 210 237 262 203 220 231 155 196 252 264 219 242 152 253 172 240 235 286 255 243 284 247 221 249 251 207 245 229 289 214 283 226 274 175 162 236 191 200 279 153 222 271 278 269 261 151 168 176 246 256 170 257 263 209 157 184 228 156 174 213 197 177 154 163 277 173 238 216 183 270 234 223 232 225 266 227 298 193 186 206 292 259 281 159 195 169 258 190 293 198 260 287 297 188 171 211 161 165 182 296 212 254 202 230 248 204 265 178 268 201 241 272 205 158 291 288 295 167 300 244 224 250 189 282 185 217 180 166 160 181 199 187 290 273 233
150 281 202 261 292 269 262 184 201 160 174 265 255 268 241 185 250 173 207 273 177 179 282 187 239 227 263 176 266 272 236 293 157 279 294 171 204 164 285 290 244 170 154 158 186 267 152 217 213 206 295 245 198 208 221 155 168 195 205 182 175 237 163 233 215 284 271 277 283 231 165 180 210 194 296 193 211 257 252 254 248 216 219 162 232 243 181 247 278 156 151 226 242 235 249 191 209 289 223 258 229 167 287 260 234 183 240 214 200 275 280 172 259 225 169 220 212 300 298 288 192 153 189 238 291 199 253 264 228 188 196 270 299 159 256 297 230 246 276 224 161 251 203 178 222 197 190 218 166 274 286
150 282 229 167 287 299 270 185 174 240 193 242 278 236 233 283 257 182 230 162 214 294 271 202 188 183 258 221 208 195 222 151 274 158 179 197 187 237 262 196 273 234 203 248 154 284 206 172 267 170 159 256 180 199 209 216 218 169 264 204 225 198 232 226 244 260 298 231 217 161 293 289 255 200 295 156 251 181 280 168 189 164 211 155 275 192 250 276 290 207 210 296 171 253 220 243 288 239 205 249 215 212 224 175 279 201 194 261 254 263 297 165 246 268 190 247 281 153 259 235 245 272 265 252 266 191 213 241 160 176 177 300 291 227 286 238 173 152 178 292 219 186 285 277 157 163 269 166 223 184 228
150 283 155 183 222 279 286 278 292 260 235 289 197 152 268 266 257 239 164 201 238 205 153 218 157 154 294 191 223 228 255 206 271 187 210 293 281 270 188 193 182 285 189 241 243 261 221 179 269 180 176 299 245 192 163 258 209 225 170 242 274 264 161 158 236 231 253 214 267 297 216 262 277 265 181 208 215 300 280 259 298 227 229 200 212 190 263 290 248 160 247 295 234 177 246 171 217 250 151 284 213 287 211 282 169 178 276 291 175 296 174 240 204 251 196 224 273 167 232 256 237 199 249 220 207 162 172 173 272 275 184 168 159 156 226 288 165 254 186 202 194 185 230 195 252 166 203 198 233 219 244
150 284 208 275 203 289 178 233 213 195 200 184 215 175 235 190 277 242 230 162 282 246 260 281 296 229 185 245 250 174 153 181 270 279 241 221 286 160 268 205 164 180 186 265 222 158 244 298 256 253 197 165 193 240 151 288 295 214 239 179 156 199 300 194 204 238 196 191 209 283 248 261 225 224 236 152 258 249 294 172 201 223 167 271 206 297 168 182 169 232 171 163 237 154 287 285 254 243 226 262 170 198 272 173 280 218 252 157 251 257 192 159 155 234 211 291 263 189 276 255 166 274 292 231 269 207 228 278 267 183 290 220 210 188 219 299 202 293 227 176 266 161 247 212 259 216 177 264 217 273 187
150 285 215 263 225 237 235 294 238 189 226 278 180 162 186 173 291 295 184 222 212 204 277 284 243 156 201 270 208 265 213 224 253 247 164 271 203 221 248 220 202 170 158 200 174 279 289 239 168 241 256 249 165 280 155 261 163 179 283 266 234 211 191 171 206 187 177 267 152 260 161 185 154 236 233 157 160 282 262 244 290 159 198 181 287 254 210 175 257 192 190 268 250 259 269 229 193 223 218 194 272 273 199 286 242 293 288 183 176 240 196 251 231 188 209 172 217 276 214 298 297 227 296 182 264 245 230 178 216 246 281 228 197 169 153 258 274 300 255 292 252 205 167 299 151 166 275 219 207 195 232
150 286 157 154 152 276 181 175 240 213 280 194 260 207 279 174 241 180 216 273 173 275 237 224 259 238 272 270 244 253 233 170 268 247 182 255 179 156 226 249 296 258 262 228 290 204 162 285 177 186 164 248 298 191 158 225 199 184 289 263 210 219 250 245 215 205 187 198 261 222 271 211 257 292 172 227 223 232 160 208 235 281 155 183 287 197 243 165 171 220 274 214 206 200 178 295 190 293 242 189 277 201 176 266 300 231 251 256 297 283 288 230 229 221 234 185 217 153 161 265 252 188 246 151 294 239 196 267 269 264 192 195 168 167 299 163 284 209 218 254 291 278 159 169 166 203 212 236 282 193 202
150 287 211 298 220 245 196 180 208 252 234 165 261 278 239 228 256 281 243 206 268 290 177 284 240 255 174 202 179 254 205 170 221 195 172 161 264 272 224 217 219 291 236 203 265 260 300 246 269 169 257 238 187 190 266 230 299 222 182 157 151 160 242 227 286 189 175 231 247 263 178 153 210 215 295 274 251 184 204 188 297 276 262 250 197 271 285 214 259 185 273 275 218 200 223 288 293 183 235 244 270 282 158 226 267 289 207 292 162 209 181 194 186 155 258 198 156 159 233 201 248 253 176 294 163 199 191 168 192 277 164 280 212 296 241 237 279 216 167 152 171 283 213 173 154 166 229 193 232 249 225
150 288 265 172 192 194 299 263 259 218 239 170 221 165 228 258 298 166 285 277 185 193 171 292 182 250 152 158 204 183 157 173 169 283 162 191 282 231 287 211 177 280 184 261 195 179 284 168 156 223 155 270 255 268 222 154 164 244 286 207 276 256 254 220 159 269 275 249 262 232 219 281 253 266 176 267 237 189 205 243 213 153 200 297 252 163 203 278 241 274 251 161 293 190 246 235 227 167 226 242 208 209 230 257 199 295 271 215 247 175 178 198 233 224 290 201 180 236 238 289 300 279 210 234 272 229 174 260 225 151 296 214 160 245 273 186 294 196 197 181 212 248 206 291 188 264 216 187 240 202 217
150 289 241 173 259 220 273 172 269 163 290 187 250 246 197 248 233 158 180 178 229 265 281 152 201 234 202 286 243 165 171 299 191 224 155 211 282 212 208 274 270 167 179 236 287 186 168 244 226 204 190 195 266 261 164 239 217 153 285 159 251 196 207 203 176 297 247 268 169 263 256 182 174 240 292 210 209 181 237 184 183 280 278 193 160 151 230 177 192 283 157 185 276 235 238 154 245 198 264 288 231 218 222 214 205 296 291 295 294 225 162 200 215 219 188 260 221 199 242 279 267 272 194 298 284 262 258 254 271 156 166 293 189 227 206 232 175 170 249 255 216 253 275 213 223 252 277 161 228 257 300
150 290 250 278 174 154 200 296 178 247 159 164 184 295 209 227 269 244 173 276 234 253 266 199 265 298 274 179 224 226 220 229 191 228 281 193 198 267 169 180 279 217 232 156 280 185 192 270 223 256 272 275 213 289 157 205 225 243 287 155 175 231 257 261 230 204 249 201 194 182 167 195 235 248 211 216 233 254 158 196 181 262 242 172 292 212 284 239 251 186 208 260 218 168 210 176 241 255 221 188 197 294 277 237 300 190 214 160 162 246 151 163 288 291 297 222 282 286 153 177 263 165 293 273 187 203 283 166 238 252 219 240 207 183 206 245 236 202 258 259 271 170 152 161 285 299 264 171 268 215 189
150 291 282 296 275 225 186 193 152 201 188 185 269 226 208 237 274 299 285 191 218 173 192 253 267 260 230 224 239 196 174 203 187 184 242 294 217 176 166 200 199 286 278 250 165 241 206 243 281 182 298 209 154 197 297 167 190 181 221 178 235 171 216 232 164 219 272 168 251 161 265 254 240 204 263 273 157 284 279 194 249 247 295 183 280 210 248 162 287 170 283 259 231 227 169 160 156 179 158 228 151 180 222 255 214 266 163 202 175 264 270 276 207 233 212 234 177 205 262 223 252 289 268 172 220 213 229 258 189 277 246 215 159 236 292 256 153 300 288 257 271 290 245 244 155 211 293 238 195 198 261
150 292 205 232 204 242 163 155 168 259 253 277 280 157 171 227 246 196 238 222 257 265 217 297 270 182 184 173 298 199 187 210 285 284 262 239 201 229 175 178 276 244 237 186 208 245 282 287 212 202 216 193 170 256 218 294 291 189 209 295 300 169 224 213 177 176 299 247 179 249 172 160 180 271 198 223 267 194 165 215 269 283 296 293 288 200 221 152 281 264 159 241 278 214 268 243 255 236 226 251 233 164 206 190 274 220 290 174 260 151 252 156 248 225 261 153 250 211 230 258 166 207 185 167 279 228 188 272 219 263 240 273 203 192 266 158 289 161 235 197 275 162 231 234 254 286 154 181 191 195 183
150 293 264 161 191 246 290 170 220 237 234 190 271 209 273 299 177 178 266 182 287 151 167 227 171 256 153 281 158 276 203 280 192 262 251 279 152 296 236 154 202 243 180 230 232 174 165 294 292 205 253 278 213 267 285 169 188 254 259 244 252 275 239 216 219 211 226 282 247 184 238 162 224 159 241 284 212 291 197 201 181 193 261 257 156 179 189 195 295 204 223 233 250 217 263 157 222 163 245 289 187 183 200 166 198 277 270 164 194 218 249 176 297 196 283 225 300 214 248 168 215 258 265 185 155 269 206 235 288 208 242 207 240 272 186 274 268 255 173 160 286 199 231 172 228 298 210 229 175 221 260
150 294 226 289 216 287 233 290 259 300 267 262 252 161 201 227 299 258 249 243 157 169 297 283 273 170 178 212 215 183 210 196 269 198 164 156 250 188 253 256 182 245 166 261 268 235 175 171 208 179 254 265 237 228 184 264 180 158 205 274 234 163 224 222 209 174 217 242 231 255 232 278 238 266 172 218 239 229 167 191 296 260 270 152 185 203 246 230 292 281 282 240 173 162 223 280 275 220 247 271 263 160 199 213 236 219 193 288 241 186 187 291 225 279 192 295 276 168 176 284 298 159 277 293 195 251 207 155 197 206 200 257 190 154 151 194 165 211 181 204 285 202 189 244 248 286 214 221 153 177 272
150 295 235 171 218 251 197 210 183 199 266 190 173 227 260 172 254 177 259 261 207 198 160 158 226 248 192 239 167 257 211 230 222 200 162 201 240 219 205 213 186 271 189 262 256 185 225 278 224 245 231 217 286 196 272 221 166 299 287 169 180 182 161 170 215 204 238 300 202 237 276 152 203 157 274 214 265 156 153 285 267 220 193 275 246 176 284 232 249 269 165 297 264 280 208 228 273 279 283 241 168 212 247 270 288 187 296 281 175 216 151 268 154 234 236 233 163 178 298 188 191 181 174 206 253 243 229 252 155 244 242 164 223 194 250 209 290 179 289 159 291 195 282 255 277 258 292 293 294 263 184
150 296 220 218 204 298 183 289 270 176 297 219 157 252 201 236 286 230 295 152 195 196 173 290 169 247 244 257 246 187 191 151 153 274 199 163 271 190 264 276 197 260 206 174 231 203 224 266 254 283 160 259 209 288 273 278 202 242 243 198 292 192 181 188 272 177 235 284 255 251 208 211 217 186 213 269 214 237 250 161 280 168 239 238 185 162 171 299 172 221 294 200 180 212 248 225 175 268 228 215 293 275 189 281 226 207 282 166 232 184 256 291 300 193 253 241 170 210 262 249 277 234 233 222 167 156 287 227 165 158 263 154 164 205 279 258 182 179 240 229 285 178 267 261 155 223 194 216 245 159 265
150 297 249 161 190 215 300 276 289 259 184 293 282 269 216 205 225 157 195 234 180 275 254 255 227 264 242 156 158 263 188 223 218 252 286 207 273 173 270 251 267 194 203 224 159 167 283 280 243 244 219 160 274 186 198 266 245 238 290 279 296 258 179 169 295 241 284 193 220 291 281 212 191 182 183 170 162 206 285 298 166 228 235 271 278 265 294 152 211 261 272 185 236 177 268 168 256 208 288 181 237 217 253 246 155 221 247 197 172 231 229 248 232 151 257 287 210 165 209 262 200 199 153 213 176 187 196 178 233 202 171 292 164 175 277 192 239 222 226 174 154 201 230 260 250 189 214 299 163 240 204
150 298 225 261 172 168 208 164 229 236 154 299 221 196 218 175 286 296 211 265 185 186 165 156 267 189 278 158 170 247 173 246 182 282 197 243 198 295 241 253 297 276 226 264 166 231 162 202 252 171 258 212 167 222 190 294 227 178 240 199 204 249 248 213 235 224 239 268 155 280 219 152 232 177 279 188 255 293 183 285 209 184 242 291 271 157 153 290 187 214 292 256 176 270 194 179 238 161 200 277 269 257 160 284 244 169 215 192 287 259 262 274 237 174 216 181 273 260 272 233 251 206 180 289 159 254 263 228 245 163 275 217 210 193 281 201 230 266 300 220 195 223 191 234 288 250 151 203 205 283 207
150 299 265 279 247 231 256 218 187 165 239 199 266 162 229 289 195 264 225 259 297 169 168 156 269 214 154 163 219 234 180 268 222 282 166 287 170 196 216 207 201 157 254 245 221 232 158 206 284 164 193 293 160 294 205 291 215 300 296 200 248 270 250 151 191 238 253 251 257 275 174 267 209 280 272 271 188 197 274 167 182 261 226 227 276 290 246 172 233 213 242 210 185 283 152 236 208 263 223 177 255 190 161 278 204 258 252 176 286 240 198 202 184 237 183 217 281 179 298 285 243 277 288 230 241 220 203 273 175 262 186 189 292 155 295 153 194 178 260 249 235 224 159 212 211 181 171 173 228 192 244
150 300 243 251 279 257 253 163 291 230 274 155 283 256 165 250 248 185 160 225 152 275 216 295 213 273 203 158 175 239 268 266 164 204 187 211 207 282 227 222 223 287 168 162 196 290 261 297 212 293 210 179 277 206 178 169 254 202 195 186 228 242 294 205 218 217 252 208 245 219 170 276 262 299 270 167 161 172 237 278 235 231 234 269 189 296 174 153 249 197 193 220 180 271 171 247 241 272 190 182 258 198 181 260 192 263 157 226 289 199 194 229 151 232 292 173 191 183 286 244 264 201 285 267 215 200 188 224 154 238 240 284 236 288 156 233 166 184 221 246 281 214 265 159 298 255 280 259 209 176 177
0
0
0
0
0
0
0
0
0
0
0
0
0
0
0
0
0
0
0
0
0
0
0
0
0
0
0
0
0
0
0
0
0
0
0
0
0
0
0
0
0
0
0
0
0
0
0
0
0
0
0
0
0
0
0
0
0
0
0
0
0
0
0
0
0
0
0
0
0
0
0
0
0
0
0
0
0
0
0
0
0
0
0
0
0
0
0
0
0
0
0
0
0
0
0
0
0
0
0
0
0
0
0
0
0
0
0
0
0
0
0
0
0
0
0
0
0
0
0
0
0
0
0
0
0
0
0
0
0
0
0
0
0
0
0
0
0
0
0
0
0
0
0
0
0
0
0
0
0
0
