7
3 2 6 7
0
2 2 7
2 5 6
0
0
0

6
3 4 5 6
2 4 5
1 4
0
0
0



300
8 241 234 242 292 262 205 243 223
8 184 292 244 171 154 251 227 246
8 193 190 201 160 159 274 199 255
8 179 211 289 258 276 240 256 228
8 186 244 174 196 268 185 266 247
8 271 194 220 273 211 252 287 225
8 212 248 266 175 264 237 168 216
8 154 200 188 179 187 209 240 204
8 153 209 287 194 273 184 236 258
8 221 268 262 282 217 295 289 266
8 162 188 290 233 240 275 288 217
8 290 208 184 198 226 234 271 185
8 264 279 180 201 173 291 266 272
8 204 269 227 181 195 271 300 190
8 288 274 242 158 218 204 285 185
8 282 201 233 214 264 234 243 244
8 237 177 172 209 212 224 275 196
8 274 204 187 210 181 211 243 248
8 162 286 248 253 174 292 189 235
8 198 218 199 235 252 171 292 270
8 246 290 179 157 276 262 212 248
8 260 284 259 279 192 234 280 172
8 226 192 208 297 197 210 162 279
8 237 201 160 252 159 247 222 158
8 169 273 172 184 214 192 288 210
8 241 227 159 244 171 245 299 182
8 196 160 154 251 223 248 168 205
8 231 166 248 164 208 177 172 252
8 255 173 283 174 186 273 157 270
8 284 245 240 195 154 220 186 233
8 292 259 200 202 176 180 223 169
8 160 200 271 225 198 192 294 216
8 213 203 158 251 208 290 161 179
8 210 252 175 241 254 298 258 203
8 258 205 215 195 157 210 221 297
8 154 218 223 209 181 287 235 214
8 152 288 247 221 159 239 224 216
8 208 211 173 176 228 232 201 262
8 173 190 289 249 228 185 275 294
8 170 178 173 291 283 155 160 193
8 205 197 181 222 249 248 299 182
8 207 164 176 273 200 181 163 257
8 283 238 298 198 259 196 300 253
8 292 242 214 210 250 180 257 169
8 176 190 165 170 194 233 244 283
8 299 280 157 214 223 265 294 275
8 161 219 276 273 253 162 238 275
8 275 206 228 196 192 174 276 160
8 220 212 182 152 185 237 263 210
8 212 282 154 177 158 291 249 237
8 242 163 188 288 260 204 257 228
8 205 253 250 206 240 215 269 287
8 163 204 179 238 249 240 300 212
8 205 291 157 167 273 221 158 213
8 235 195 218 165 271 217 206 244
8 247 294 284 271 288 161 253 212
8 213 172 263 176 191 280 228 299
8 186 158 172 295 170 281 185 152
8 220 207 268 192 167 179 166 286
8 199 252 255 283 273 159 160 217
8 192 272 224 168 293 202 282 171
8 198 158 163 285 165 175 228 188
8 159 163 289 242 254 172 200 160
8 151 261 256 290 163 193 292 274
8 296 203 242 263 271 287 217 272
8 297 195 166 233 169 202 237 175
8 173 251 279 264 248 237 266 214
8 207 183 260 199 239 295 171 203
8 165 181 252 284 175 182 215 293
8 156 299 273 290 220 219 286 242
8 248 179 207 272 265 270 220 184
8 198 290 237 234 214 169 202 252
8 152 236 181 253 249 263 162 195
8 273 275 216 162 265 234 295 223
8 267 189 243 227 264 281 210 195
8 229 249 214 293 186 170 275 292
8 294 275 247 221 220 175 177 273
8 163 285 254 209 280 161 294 253
8 233 189 215 244 167 185 160 201
8 152 229 184 260 155 178 204 243
8 241 240 202 178 157 206 185 263
8 191 217 274 213 271 291 295 176
8 169 215 217 294 165 286 235 292
8 232 183 196 251 204 245 243 165
8 271 165 297 286 178 250 300 249
8 247 164 254 228 289 258 295 270
8 220 246 225 300 217 214 236 175
8 160 280 225 203 173 266 298 180
8 273 275 218 239 158 232 280 207
8 281 154 242 261 296 246 181 188
8 172 186 191 265 227 230 249 154
8 297 183 236 243 174 289 279 259
8 288 260 243 224 178 263 191 247
8 224 228 284 257 270 161 264 260
8 178 217 269 294 153 211 244 216
8 238 248 259 268 202 284 265 234
8 190 227 174 165 278 181 287 290
8 249 256 172 216 173 168 291 221
8 234 223 243 184 190 155 180 204
8 284 209 299 273 207 283 275 264
8 291 210 228 179 195 212 250 218
8 171 204 193 181 168 153 164 225
8 243 285 287 273 231 164 178 300
8 176 244 160 276 174 210 278 222
8 154 162 235 161 228 221 184 174
8 257 265 170 276 253 261 158 156
8 272 156 247 166 163 267 181 205
8 237 258 167 275 174 163 285 289
8 225 248 207 261 273 231 233 291
8 216 289 160 200 240 217 266 157
8 268 177 271 171 186 253 206 196
8 193 275 212 161 187 196 188 181
8 175 174 251 166 278 241 186 207
8 258 168 220 277 221 230 238 202
8 297 183 260 223 229 268 206 198
8 156 260 205 193 154 237 191 214
8 196 169 270 164 242 185 201 284
8 282 297 166 186 281 266 217 292
8 220 201 161 253 264 209 157 262
8 284 158 226 234 201 220 296 152
8 247 278 296 166 152 239 242 189
8 170 270 230 247 289 207 201 231
8 285 162 256 154 263 177 232 207
8 272 210 164 154 183 160 239 207
8 249 163 298 177 225 191 193 153
8 177 175 174 239 255 261 228 234
8 221 159 257 216 225 196 277 214
8 237 293 209 191 162 184 258 159
8 299 289 291 197 226 260 183 297
8 267 210 298 294 268 247 238 203
8 169 263 192 190 208 235 216 179
8 218 159 201 224 232 271 198 152
8 297 282 186 268 164 258 261 295
8 225 230 269 290 249 165 166 180
8 155 194 260 255 186 228 265 293
8 183 275 240 193 259 265 154 241
8 224 283 233 249 219 280 163 176
8 179 200 220 214 259 267 156 237
8 297 294 176 243 177 183 234 188
8 270 168 207 238 219 253 226 196
8 261 204 237 159 248 172 195 270
8 154 166 151 163 207 224 288 210
8 277 221 261 270 251 291 180 160
8 199 265 221 246 250 201 154 261
8 179 158 218 220 261 253 277 274
8 243 185 279 246 295 291 157 226
8 282 175 232 229 186 163 289 287
8 230 258 214 159 237 266 222 282
8 240 269 190 236 158 296 215 213
8 192 219 209 158 221 244 281 157
0
0
0
0
0
0
0
0
0
0
0
0
0
0
0
0
0
0
0
0
0
0
0
0
0
0
0
0
0
0
0
0
0
0
0
0
0
0
0
0
0
0
0
0
0
0
0
0
0
0
0
0
0
0
0
0
0
0
0
0
0
0
0
0
0
0
0
0
0
0
0
0
0
0
0
0
0
0
0
0
0
0
0
0
0
0
0
0
0
0
0
0
0
0
0
0
0
0
0
0
0
0
0
0
0
0
0
0
0
0
0
0
0
0
0
0
0
0
0
0
0
0
0
0
0
0
0
0
0
0
0
0
0
0
0
0
0
0
0
0
0
0
0
0
0
0
0
0
0
0
