300
3 261 170 182
3 173 208 289
3 300 297 182
3 261 260 158
3 222 201 151
3 217 224 272
3 177 269 157
3 256 243 229
3 226 295 246
3 220 280 272
3 277 245 164
3 270 275 258
3 280 231 247
3 280 285 271
3 184 173 182
3 225 156 300
3 179 180 200
3 183 285 268
3 179 232 261
3 161 234 269
3 293 201 190
3 151 288 178
3 168 276 157
3 288 258 241
3 182 258 170
3 215 297 287
3 190 168 155
3 247 242 181
3 217 186 161
3 197 203 258
3 264 254 229
3 170 237 293
3 287 246 223
3 176 155 223
3 170 295 161
3 207 228 202
3 201 300 218
3 286 274 221
3 292 242 235
3 158 287 276
3 294 295 210
3 265 161 168
3 294 198 278
3 191 215 200
3 199 247 265
3 207 222 155
3 179 164 158
3 263 186 232
3 183 190 278
3 258 231 197
3 177 167 237
3 203 226 168
3 186 188 297
3 225 273 277
3 205 296 200
3 229 269 272
3 208 183 294
3 268 237 202
3 257 153 261
3 274 187 227
3 195 239 244
3 237 264 255
3 256 165 251
3 170 297 210
3 261 163 299
3 296 178 217
3 173 297 268
3 157 273 212
3 205 191 193
3 209 257 208
3 228 295 170
3 292 262 201
3 267 202 271
3 186 172 297
3 183 264 248
3 217 184 161
3 198 281 162
3 240 237 295
3 158 256 283
3 300 214 226
3 198 270 194
3 248 294 193
3 164 296 193
3 228 299 242
3 153 201 236
3 240 288 222
3 291 168 300
3 269 293 288
3 202 156 174
3 153 254 263
3 175 206 189
3 281 186 153
3 196 151 265
3 275 268 294
3 199 187 254
3 288 263 156
3 257 278 169
3 152 250 169
3 274 192 225
3 152 233 207
3 151 191 272
3 253 287 261
3 296 181 223
3 240 265 274
3 183 287 188
3 158 286 177
3 175 250 299
3 195 165 217
3 254 177 153
3 188 157 229
3 173 197 204
3 180 160 288
3 241 250 277
3 260 161 198
3 252 210 275
3 189 239 218
3 294 297 219
3 237 185 294
3 262 152 219
3 181 274 166
3 166 298 299
3 278 217 171
3 249 272 244
3 285 243 161
3 237 151 277
3 168 186 249
3 195 167 161
3 277 259 250
3 299 289 244
3 253 188 296
3 193 275 300
3 300 283 179
3 265 226 195
3 271 238 235
3 160 182 290
3 278 210 155
3 276 299 205
3 180 282 223
3 191 164 240
3 284 211 202
3 207 287 251
3 245 271 201
3 261 166 162
3 249 292 236
3 217 199 185
3 265 166 159
3 195 185 202
3 257 289 248
3 165 201 215
3 158 225 283
0
0
0
0
0
0
0
0
0
0
0
0
0
0
0
0
0
0
0
0
0
0
0
0
0
0
0
0
0
0
0
0
0
0
0
0
0
0
0
0
0
0
0
0
0
0
0
0
0
0
0
0
0
0
0
0
0
0
0
0
0
0
0
0
0
0
0
0
0
0
0
0
0
0
0
0
0
0
0
0
0
0
0
0
0
0
0
0
0
0
0
0
0
0
0
0
0
0
0
0
0
0
0
0
0
0
0
0
0
0
0
0
0
0
0
0
0
0
0
0
0
0
0
0
0
0
0
0
0
0
0
0
0
0
0
0
0
0
0
0
0
0
0
0
0
0
0
0
0
0
