300
6 241 270 275 295 248 263
6 249 298 290 276 241 299
6 296 274 276 300 288 246
6 245 253 292 250 300 278
6 245 242 255 276 251 259
6 296 241 290 294 283 297
6 286 273 275 251 252 295
6 286 260 276 284 291 247
6 254 247 283 245 243 291
6 243 265 274 272 291 290
6 287 252 244 265 261 280
6 298 254 260 251 270 244
6 298 260 266 299 247 257
6 293 300 242 287 292 251
6 256 270 245 261 300 262
6 254 292 281 270 291 273
6 257 265 259 277 242 286
6 287 273 258 259 261 241
6 269 247 292 243 249 241
6 251 284 278 286 263 279
6 298 250 260 257 290 253
6 292 243 282 257 241 274
6 284 244 286 253 267 273
6 292 255 252 250 288 259
6 259 254 285 284 246 291
6 279 261 243 292 284 265
6 261 253 256 258 289 278
6 264 244 281 282 273 290
6 241 272 282 260 268 246
6 260 276 261 292 281 295
6 266 285 251 277 293 262
6 273 271 248 252 249 279
6 256 263 251 271 246 247
6 281 253 257 283 295 267
6 249 273 244 276 289 242
6 286 245 275 287 288 281
6 264 276 258 273 286 293
6 261 274 295 283 286 269
6 271 243 263 290 279 254
6 244 262 280 263 283 261
6 257 288 293 275 248 242
6 266 284 265 293 274 243
6 270 252 288 242 296 257
6 253 295 284 294 255 286
6 275 250 254 272 269 294
6 250 267 293 295 260 251
6 260 257 285 253 295 297
6 282 278 243 250 265 267
6 256 248 273 253 242 293
6 257 272 263 280 246 285
6 272 279 245 280 246 273
6 271 288 251 284 244 295
6 245 243 286 294 296 282
6 260 275 297 258 249 254
6 291 299 288 277 298 279
6 257 295 259 261 250 278
6 299 289 293 242 259 278
6 251 300 261 273 255 278
6 294 299 274 288 268 269
6 254 289 270 243 249 251
6 242 256 297 287 262 295
6 242 292 283 249 253 268
6 269 252 273 278 251 244
6 252 297 287 257 258 280
6 265 298 275 274 279 247
6 281 287 292 274 273 272
6 297 246 256 280 289 253
6 289 267 265 292 297 284
6 252 269 274 250 243 290
6 263 285 272 265 292 258
6 251 271 267 275 296 268
6 264 254 269 248 260 276
6 258 259 285 283 252 279
6 259 299 244 250 294 284
6 258 245 295 255 270 250
6 296 277 268 245 248 270
6 298 297 300 284 294 286
6 260 256 268 286 278 241
6 290 248 244 293 268 294
6 280 294 261 281 285 295
6 286 267 246 277 251 276
6 273 263 278 285 245 257
6 267 295 260 250 296 244
6 283 275 277 261 271 258
6 297 244 259 247 295 283
6 275 286 300 246 257 291
6 247 285 251 290 292 243
6 299 286 267 300 293 254
6 287 286 283 300 279 260
6 242 246 291 284 276 249
6 255 288 289 253 252 260
6 292 273 278 294 293 280
6 265 250 293 281 278 285
6 287 249 268 271 293 270
6 295 288 299 251 284 268
6 259 273 243 267 293 295
6 244 274 255 275 257 263
6 259 268 265 296 283 241
6 277 299 255 246 287 251
6 290 276 258 279 298 266
6 275 269 258 254 289 299
6 247 265 273 284 264 271
6 256 255 244 284 286 265
6 282 261 269 275 242 248
6 285 278 298 284 276 244
6 285 262 278 289 242 268
6 249 300 299 263 264 287
6 282 279 253 266 260 274
6 257 269 242 293 243 299
6 279 255 299 271 250 258
6 300 277 266 289 250 265
6 246 252 266 255 293 272
6 249 261 281 262 274 300
6 265 292 290 276 282 299
6 253 241 246 299 260 273
6 299 241 243 290 272 262
6 280 266 295 284 264 274
6 277 261 263 251 288 250
6 259 272 254 297 251 282
6 284 299 247 268 259 252
6 286 298 248 278 244 290
6 291 250 257 253 241 255
6 287 248 274 285 265 288
6 294 242 255 257 279 243
6 285 261 287 272 262 254
6 273 286 287 274 266 285
6 272 259 249 246 294 291
6 283 276 254 294 286 265
6 290 263 269 265 260 295
6 251 300 297 270 257 280
6 248 292 291 242 281 297
6 279 255 263 253 290 243
6 281 249 254 276 295 286
6 282 289 277 268 249 274
6 265 284 268 244 242 280
6 266 267 280 300 276 242
6 281 284 283 274 248 285
6 243 264 265 298 255 247
6 253 264 247 273 282 260
6 242 246 285 270 300 279
6 290 261 286 249 262 287
6 267 261 266 272 296 280
6 248 250 263 272 258 287
6 293 241 256 249 260 247
6 286 285 251 275 254 248
6 290 291 278 256 241 279
6 262 268 283 250 276 278
6 269 243 300 248 288 270
6 273 278 292 259 255 251
6 252 275 251 264 287 295
6 284 272 254 253 241 243
6 257 273 267 242 277 263
6 278 277 242 275 260 245
6 253 281 259 297 283 254
6 294 279 269 261 289 287
6 285 251 247 245 250 249
6 291 243 257 258 244 275
6 272 286 255 258 278 245
6 247 279 257 261 293 286
6 300 295 257 250 293 254
6 270 282 244 260 300 251
6 274 259 257 293 287 260
6 295 255 290 265 294 266
6 271 276 260 297 269 254
6 256 253 242 265 278 255
6 296 299 257 267 258 273
6 250 265 258 255 246 281
6 293 251 299 287 291 254
6 267 270 292 287 296 256
6 247 261 279 286 244 268
6 292 254 289 265 250 267
6 277 255 294 281 247 251
6 265 262 270 274 253 276
6 276 260 297 295 278 281
6 250 249 270 282 253 286
6 270 256 273 243 269 299
6 283 265 295 246 248 294
6 282 295 260 281 270 265
6 300 263 262 255 296 261
6 300 278 267 275 243 245
6 283 295 246 245 291 252
6 258 292 281 284 265 245
6 263 243 283 272 250 248
6 274 258 245 268 267 279
6 291 277 267 287 278 246
6 300 285 296 243 253 276
6 281 272 275 277 252 283
6 284 277 286 272 273 265
6 241 299 292 287 245 285
6 281 280 241 258 298 295
6 272 282 278 298 271 242
6 256 274 261 260 300 271
6 267 290 298 293 256 246
6 267 298 274 255 263 241
6 247 282 244 261 242 258
6 296 242 250 271 257 293
6 256 296 249 262 261 293
6 291 241 253 271 297 281
6 283 247 288 243 292 267
6 277 273 283 248 280 253
6 287 277 299 261 275 252
6 258 280 264 296 297 285
6 294 285 293 271 279 258
6 284 243 274 294 285 298
6 287 299 272 264 266 278
6 284 294 244 255 260 298
6 294 241 281 286 300 258
6 249 247 289 299 274 292
6 286 245 261 290 250 248
6 279 254 248 244 290 274
6 260 291 263 281 293 298
6 247 290 292 275 289 299
6 284 258 254 250 246 245
6 291 260 270 273 275 262
6 289 296 243 279 298 270
6 248 283 279 271 243 257
6 272 291 292 261 283 273
6 262 264 294 280 292 242
6 295 293 278 254 267 272
6 297 246 251 262 257 264
6 295 242 299 269 291 275
6 244 247 281 245 279 253
6 275 298 250 247 246 281
6 281 262 292 277 249 276
6 283 277 269 253 265 274
6 275 270 241 293 264 243
6 280 260 273 277 292 262
6 289 256 290 257 270 248
6 266 294 275 249 248 298
6 283 290 254 256 267 272
6 256 300 299 252 241 267
6 265 280 250 252 248 269
6 295 266 243 265 276 259
6 254 278 268 262 280 294
6 283 254 260 250 279 245
6 296 279 285 252 270 251
6 281 268 269 249 280 254
6 274 247 260 272 297 275
6 293 250 284 283 269 277
6 287 241 283 296 268 286
0
0
0
0
0
0
0
0
0
0
0
0
0
0
0
0
0
0
0
0
0
0
0
0
0
0
0
0
0
0
0
0
0
0
0
0
0
0
0
0
0
0
0
0
0
0
0
0
0
0
0
0
0
0
0
0
0
0
0
0
