300
84 2 8 21 22 24 33 34 43 51 52 53 55 58 63 70 72 75 76 78 84 85 86 87 89 93 101 102 103 105 112 114 116 118 120 128 132 133 149 152 155 158 162 163 164 167 170 171 172 175 176 179 180 185 192 197 201 207 212 213 219 222 223 227 228 231 233 235 240 245 246 248 252 253 255 257 260 266 267 274 285 288 290 291 293
0
0
81 6 9 21 24 32 33 43 47 51 53 55 58 61 62 63 70 75 76 78 81 83 89 93 94 99 102 103 105 120 126 131 132 136 138 145 152 155 158 162 166 167 169 171 179 181 182 187 189 190 191 197 200 202 209 213 215 225 227 229 232 233 235 242 243 250 252 253 260 266 267 268 271 273 274 280 285 288 289 291 292 299
86 7 9 16 21 22 30 33 34 40 43 49 50 52 61 62 70 74 75 78 81 83 89 92 94 99 102 103 105 107 110 112 114 116 132 133 135 145 149 151 154 155 158 162 164 167 176 180 181 189 192 200 201 202 203 205 209 212 213 215 219 225 228 229 235 236 237 242 245 248 252 260 264 267 270 271 280 285 287 288 289 290 291 292 293 296 299
0
0
0
0
65 16 24 43 51 53 55 58 62 72 75 78 81 83 85 86 92 99 101 103 114 120 128 131 135 149 152 153 158 164 167 170 172 179 182 183 185 187 189 192 200 201 204 212 217 219 223 225 227 228 231 236 237 243 252 264 266 273 287 288 291 292 293 294 296 299
82 16 24 30 32 34 38 40 43 48 50 51 53 55 58 62 63 71 72 75 76 78 81 84 85 86 87 89 94 99 101 107 110 112 116 117 126 128 131 132 135 138 148 149 151 153 158 163 166 170 176 189 190 197 201 205 207 209 212 219 221 222 223 225 236 245 246 248 250 252 257 264 268 270 271 273 274 288 289 290 291 299 300
75 16 24 33 38 48 52 55 61 62 71 78 83 84 85 86 89 94 99 102 105 106 107 112 126 128 135 138 145 148 149 151 152 153 155 158 162 163 164 166 167 168 171 172 175 179 189 191 192 203 204 207 219 222 228 231 232 233 235 237 242 243 245 246 255 257 260 264 270 280 285 287 292 294 296 299
82 21 30 32 34 47 48 50 52 53 55 61 62 63 71 72 74 75 76 81 83 85 86 87 92 99 102 103 114 116 120 128 131 132 135 136 145 148 153 154 155 158 162 163 164 168 170 176 180 191 200 201 202 203 204 205 213 222 223 227 228 229 236 240 242 245 246 252 253 260 264 266 267 273 287 288 289 291 292 293 296 299 300
63 22 24 33 38 43 47 49 50 51 53 55 58 72 78 84 85 86 102 103 105 106 107 112 114 116 120 128 131 135 154 163 167 168 176 180 182 187 189 191 197 200 204 217 219 222 223 225 227 229 233 236 250 252 255 260 264 287 288 289 290 292 293 296
71 21 33 43 47 49 50 51 58 61 70 83 84 85 92 94 99 101 102 103 105 107 110 117 131 132 133 135 152 154 155 158 162 163 164 166 175 179 181 185 187 192 197 201 202 207 217 219 221 222 231 233 235 236 240 245 248 255 260 264 266 273 274 285 288 289 291 293 294 296 299 300
0
76 21 30 32 34 38 43 47 51 52 53 58 61 70 71 72 76 78 83 85 89 92 93 99 101 102 105 106 107 110 112 118 126 131 132 145 154 158 166 167 169 170 175 179 180 183 189 191 203 204 207 213 215 229 231 235 242 245 248 252 253 255 257 260 264 266 267 268 270 273 280 287 288 289 292 293 300
71 30 32 34 38 40 49 51 52 53 55 61 71 72 76 78 81 84 99 102 105 106 110 112 116 117 133 135 145 151 154 155 162 164 167 169 176 180 181 182 190 191 192 207 212 215 219 221 222 223 225 232 235 236 240 245 248 253 255 257 260 264 266 270 271 273 285 287 289 290 291 293
60 22 38 43 48 50 53 61 76 81 84 85 86 89 93 101 102 103 107 110 112 117 118 120 128 138 151 152 154 158 162 164 166 167 168 169 175 180 183 187 191 200 201 205 209 227 229 232 242 246 248 264 266 268 273 285 288 291 292 299 300
72 21 24 38 48 53 55 58 62 63 72 74 75 76 78 81 86 87 89 93 99 106 116 118 120 148 149 152 153 155 158 162 167 168 169 170 172 180 181 183 185 187 190 192 197 201 202 205 207 209 212 213 222 228 229 231 236 245 253 255 257 260 266 267 270 285 287 288 291 293 294 296 299
0
0
76 30 33 34 40 43 49 51 53 55 61 62 70 72 76 81 83 84 85 87 92 93 101 105 107 110 112 116 117 118 120 126 133 149 151 152 154 158 167 169 170 171 172 179 181 182 189 192 200 201 202 203 205 207 212 215 217 219 222 225 227 228 233 242 250 260 266 267 271 280 285 289 290 291 294 299 300
0
77 34 38 40 47 48 49 52 53 55 58 61 62 71 78 94 99 101 106 107 110 112 116 117 120 126 131 132 133 135 138 151 152 153 154 158 167 168 169 171 179 181 182 185 187 192 200 201 203 204 205 209 215 219 221 223 227 228 229 232 233 236 237 242 245 250 252 253 255 260 264 267 268 271 273 289 291 292
81 30 33 34 38 40 49 50 52 53 58 70 71 72 74 75 76 78 86 87 92 102 103 105 114 116 118 128 132 135 136 145 149 151 152 153 154 163 167 170 171 175 179 181 187 189 191 192 201 203 209 212 213 215 217 219 221 222 228 235 242 243 246 248 252 253 260 266 267 268 270 271 273 274 280 289 290 292 293 294 296 300
61 30 33 38 55 74 75 76 85 86 92 103 105 106 107 114 117 132 136 151 153 154 155 162 164 167 169 175 176 179 182 183 185 189 200 202 204 209 212 213 219 222 225 227 229 231 237 243 245 246 248 252 253 255 260 285 288 290 293 294 299 300
85 33 34 38 43 48 49 50 53 61 63 70 71 75 81 84 89 92 99 105 110 114 117 118 132 133 135 149 151 152 154 155 158 164 167 170 171 172 175 176 180 181 182 183 185 190 191 192 197 200 201 203 205 207 209 212 213 215 217 221 222 223 227 228 231 232 233 242 243 250 252 253 255 257 260 267 273 274 280 287 289 290 291 292 299 300
77 30 33 40 47 48 49 50 55 62 63 70 71 72 74 76 81 83 84 87 89 103 105 106 107 110 114 117 118 120 126 128 135 145 148 153 154 158 162 168 169 171 179 181 189 191 201 202 203 204 205 209 213 219 221 222 223 225 229 231 233 236 243 246 248 252 253 255 257 266 267 271 274 285 287 288 291 294
0
74 33 34 38 40 47 50 62 63 70 72 74 75 76 83 84 85 92 94 99 101 102 103 107 110 117 118 120 126 128 132 133 138 149 151 152 153 162 164 167 169 170 171 179 180 187 189 204 205 207 209 213 221 227 228 232 233 236 243 245 246 255 257 267 268 270 271 273 274 280 285 292 293 299 300
0
0
0
72 40 43 48 49 50 72 76 78 81 83 84 85 86 89 105 106 107 112 116 117 118 132 133 135 136 151 164 166 167 169 175 182 183 185 187 190 191 200 201 202 205 207 209 215 225 227 229 231 232 235 236 237 242 243 250 252 253 255 257 260 264 266 268 273 274 280 288 289 290 291 292 293
68 40 48 49 53 58 61 63 71 75 81 84 89 92 101 102 105 110 114 117 131 133 135 148 151 152 155 163 166 170 172 179 182 183 185 187 190 201 202 207 209 217 219 225 227 228 229 231 232 236 237 242 245 246 252 257 264 266 267 268 270 271 274 280 285 287 293 299 300
83 38 40 43 47 49 51 52 55 58 70 71 74 76 81 86 87 89 94 99 101 102 103 105 107 110 116 117 118 126 128 132 138 145 149 151 152 155 158 168 170 176 179 180 185 189 191 197 203 204 205 207 212 213 217 219 223 225 227 228 229 231 235 236 240 242 243 245 246 248 252 257 260 266 267 270 271 287 288 290 293 296 299 300
0
76 49 50 51 52 58 62 72 74 76 78 86 87 89 101 102 103 105 107 110 114 120 128 132 133 136 149 151 154 155 158 162 164 166 168 170 172 175 176 179 181 182 183 187 189 191 192 200 201 202 203 205 213 215 217 221 223 227 237 240 242 243 245 250 252 260 266 267 268 271 273 274 285 287 290 291 293
0
79 49 50 51 55 70 72 74 75 81 86 87 89 94 102 103 106 112 116 117 118 120 126 128 133 136 138 145 148 155 158 163 164 168 170 172 175 180 181 182 189 190 191 197 201 202 203 204 207 209 215 217 219 225 227 231 233 236 242 243 245 246 248 255 257 260 264 266 267 268 270 273 274 288 289 290 291 293 294 299
69 43 47 48 49 50 51 53 55 75 83 84 85 86 87 89 101 102 103 107 112 120 136 145 153 154 158 162 163 171 172 176 182 183 185 189 191 192 197 200 205 207 209 213 215 222 228 229 231 235 237 242 246 250 252 253 257 260 264 268 271 274 287 289 290 292 293 296 299 300
0
68 47 49 50 53 61 74 76 78 81 84 85 87 92 94 99 105 106 107 110 112 117 126 131 132 133 138 145 148 149 151 153 158 162 164 167 171 172 175 182 187 191 200 202 203 204 205 207 212 217 222 223 229 232 236 245 248 250 253 255 264 266 267 273 274 287 289 291 293
68 50 51 52 55 63 70 72 74 78 81 86 89 92 94 99 101 102 107 110 114 117 118 128 132 135 145 148 149 151 162 167 169 171 175 176 180 189 190 192 201 202 203 207 212 215 221 222 227 229 231 237 243 245 246 252 253 257 267 268 270 271 273 287 288 289 291 296 300
65 48 50 51 55 58 61 62 70 72 75 76 81 83 85 89 93 102 110 116 118 126 131 132 133 138 145 151 154 163 164 166 167 168 171 175 176 179 180 182 183 187 191 192 197 200 204 205 207 213 222 223 227 228 229 240 250 252 257 260 266 273 287 288 294 296
0
0
0
0
0
0
0
64 63 78 81 83 84 85 92 93 94 99 101 105 106 107 110 114 117 126 132 133 135 136 152 154 164 167 168 169 170 171 172 179 181 182 183 191 197 202 205 212 223 225 228 229 232 233 235 236 237 240 242 243 245 246 250 252 264 266 267 271 274 285 288 292
0
70 61 62 70 71 72 74 78 81 85 93 94 103 105 106 107 120 126 128 131 133 136 148 151 152 155 158 162 163 164 166 167 168 170 171 176 180 181 182 183 187 189 192 197 200 202 207 212 213 219 222 223 225 229 233 237 242 248 252 253 266 268 270 271 273 274 288 289 292 293 300
72 62 70 71 72 74 75 76 78 81 83 85 86 92 102 106 107 112 114 117 118 126 132 135 136 145 153 155 164 167 168 170 172 175 179 183 185 189 191 192 200 201 203 207 212 222 225 228 232 236 240 242 243 245 248 250 252 253 257 260 264 266 267 268 271 273 274 287 288 289 292 294 300
0
58 61 63 75 76 81 85 86 87 89 93 99 101 103 105 110 114 117 132 135 145 153 154 158 162 163 166 167 169 170 172 181 187 189 204 205 207 212 219 225 227 228 233 236 237 243 246 248 253 260 266 267 270 271 273 285 289 291 293
64 62 72 74 76 78 81 83 86 89 92 93 101 102 106 107 116 117 128 132 133 136 145 151 152 162 163 164 168 169 171 179 189 190 200 202 203 204 205 209 219 221 227 229 236 240 243 245 246 250 252 253 255 268 270 271 274 280 285 287 288 291 292 296 299
0
0
0
75 70 71 75 81 83 85 87 94 99 102 107 110 112 114 116 117 128 136 138 149 151 152 153 154 158 162 163 166 167 170 171 172 175 176 182 190 191 192 197 202 204 207 209 212 219 221 222 223 227 228 229 233 237 242 243 245 250 252 253 255 257 260 264 266 267 273 280 287 288 289 290 293 294 299 300
56 71 74 76 78 84 85 99 101 105 106 107 112 114 117 120 126 128 145 151 153 155 163 166 170 175 176 180 183 185 187 190 192 200 204 212 213 219 221 222 233 235 250 252 253 257 264 268 270 271 274 289 290 292 293 296 300
60 70 74 75 83 85 87 93 101 105 107 114 116 117 118 128 135 138 145 149 153 155 162 163 164 166 170 172 175 179 181 185 197 205 207 209 212 215 222 225 227 229 233 237 245 253 255 257 260 264 268 270 271 274 280 287 290 291 292 293 294
55 70 76 78 81 85 99 101 103 110 114 128 133 135 136 145 151 152 155 158 162 164 169 171 179 180 181 185 187 190 192 200 204 212 229 232 235 237 240 242 243 245 248 252 253 260 264 267 268 270 280 287 288 289 291 299
76 70 72 74 75 81 83 84 85 86 87 89 93 94 101 107 110 114 117 118 126 128 132 135 138 145 148 149 151 152 154 158 163 164 167 172 175 179 181 187 189 191 197 202 203 205 207 215 219 221 222 223 225 228 229 232 233 240 245 248 250 253 255 260 264 266 267 270 271 274 280 288 289 290 292 293 299
63 70 72 74 75 76 78 81 85 86 89 103 110 112 114 132 133 135 136 145 148 149 151 153 155 163 166 169 170 181 182 187 191 192 200 203 204 205 209 212 215 217 221 223 231 232 235 236 242 250 253 257 264 268 270 271 273 274 288 289 291 293 294 300
0
0
0
66 75 76 78 81 84 85 87 89 93 94 99 102 107 112 114 131 132 133 136 148 152 153 154 155 158 162 166 167 171 179 180 189 191 201 203 204 219 222 225 229 231 233 235 236 237 240 243 245 246 248 250 252 253 255 260 266 267 268 271 273 280 289 290 293 296 299
0
0
0
67 84 89 92 93 99 101 103 105 117 118 120 126 128 131 145 151 152 154 155 162 163 164 168 169 170 171 175 180 182 183 187 197 200 201 202 203 204 205 207 215 217 219 221 223 227 229 231 232 233 236 237 240 245 250 253 266 268 270 271 273 280 285 287 288 289 293 294
0
64 81 83 84 89 92 93 99 101 105 106 107 110 112 114 126 132 133 135 136 148 149 151 158 167 168 171 179 181 185 200 202 203 204 205 209 213 217 219 221 225 231 232 233 235 237 245 246 248 250 252 257 260 264 266 268 270 273 274 280 287 291 293 294 300
60 81 83 87 93 101 103 105 106 112 114 116 117 120 138 148 149 154 162 168 176 179 182 190 191 192 200 201 202 203 204 212 213 215 217 223 225 231 232 233 235 236 237 243 246 248 250 257 260 264 266 268 271 273 287 288 290 292 293 294 296
0
61 84 87 92 99 105 106 107 114 116 117 118 120 126 128 131 133 135 145 148 149 153 158 164 167 169 171 172 176 179 180 185 189 192 197 200 204 205 215 219 222 225 227 229 231 236 240 242 243 245 253 264 268 270 273 280 285 288 289 290 292 299
0
0
0
0
0
56 89 92 93 94 116 118 120 136 145 151 154 162 163 166 170 172 175 176 179 181 183 187 189 190 191 192 197 200 203 204 205 215 217 219 221 222 225 228 232 235 236 240 242 248 250 252 257 266 267 268 270 273 285 291 292 300
0
60 92 93 99 101 103 105 107 110 112 116 117 118 120 128 131 132 133 135 136 138 145 149 153 158 162 163 164 166 167 168 171 175 179 180 183 187 189 190 192 197 201 204 209 219 221 222 227 228 229 231 240 243 245 250 252 253 257 291 294 300
52 92 94 99 102 103 107 112 117 118 120 131 132 133 138 145 151 155 163 164 169 175 176 180 181 182 190 191 197 200 205 207 213 219 222 223 225 229 236 237 242 246 248 252 255 268 270 274 285 288 293 294 300
0
0
0
52 101 102 105 107 114 117 132 135 145 152 153 154 164 166 167 170 172 175 182 191 197 200 201 202 203 205 207 212 213 215 217 219 222 223 228 235 236 245 255 257 260 264 267 268 271 287 288 289 290 291 293 294
60 114 117 118 120 128 133 135 148 154 155 158 162 163 164 166 167 169 171 172 179 180 187 191 200 202 203 207 213 215 217 221 223 225 228 231 232 233 236 237 242 243 245 246 248 250 260 266 267 271 273 285 287 288 290 291 292 293 294 299 300
46 99 101 106 117 120 126 128 131 132 135 138 148 154 155 162 163 167 169 171 176 181 185 187 190 192 201 203 205 209 213 215 222 225 227 231 235 240 243 246 252 253 260 267 280 290 293
56 99 103 105 106 110 114 116 120 126 133 138 148 153 155 158 166 170 175 176 179 181 183 189 202 204 207 209 212 213 219 222 223 225 228 232 233 235 237 240 242 243 246 248 250 253 260 266 267 268 273 274 287 290 293 296 300
0
58 101 103 105 106 107 110 114 116 120 131 132 133 135 151 152 153 155 158 162 163 167 172 175 181 182 185 190 191 192 197 200 204 205 207 219 222 223 228 233 236 237 242 243 248 252 255 257 266 267 268 270 280 285 287 292 294 299 300
0
0
0
50 105 106 114 118 120 126 131 133 136 149 152 153 163 167 169 172 179 181 182 183 190 191 200 202 204 205 213 215 217 219 231 236 237 240 245 248 250 260 264 266 267 270 271 285 287 288 290 296 299 300
0
0
0
44 110 116 118 133 136 149 151 154 162 164 166 168 169 172 176 181 187 192 197 202 203 204 205 209 212 215 219 222 223 225 228 233 235 237 240 255 264 268 280 289 293 296 299 300
58 110 116 117 126 128 132 138 145 148 149 151 152 154 162 164 166 169 170 171 172 175 176 179 183 185 189 192 201 203 207 215 217 219 221 223 225 227 228 229 231 237 240 242 245 250 255 257 266 268 270 287 289 290 291 292 294 299 300
0
51 114 116 117 118 131 132 138 145 153 154 155 158 163 166 169 171 172 176 181 183 189 191 200 201 203 204 205 212 217 219 222 227 229 232 235 242 243 248 253 260 264 280 285 288 289 290 291 292 293 294 299
0
49 114 126 132 133 135 138 145 153 155 158 164 168 169 175 180 185 187 190 191 192 200 201 203 204 221 222 223 227 228 229 232 233 242 246 248 250 252 255 260 264 268 270 273 280 285 289 290 291 300
0
44 120 135 145 148 149 151 152 162 163 164 171 179 182 183 185 187 189 190 192 197 201 212 215 217 219 223 229 233 240 243 246 252 253 255 257 264 266 267 274 285 287 288 290 292
0
0
0
59 120 126 128 131 133 135 136 138 145 148 151 152 154 155 158 162 166 167 168 172 175 181 182 183 185 187 189 190 197 202 205 209 212 217 227 228 231 235 236 237 243 245 246 248 250 252 255 257 264 266 268 273 274 280 290 291 292 296 300
0
60 128 133 135 136 138 151 152 153 154 155 158 162 164 166 168 171 175 179 181 182 183 185 187 189 190 191 200 201 202 204 205 209 212 213 215 221 225 227 229 231 232 233 237 240 246 248 250 255 264 266 268 270 273 274 280 285 289 290 294 300
49 128 131 132 138 148 149 152 155 158 163 166 168 169 175 180 182 185 187 189 191 197 200 201 203 204 213 215 217 219 221 222 223 229 232 236 242 245 250 260 266 268 270 274 287 288 290 293 294 296
48 128 131 133 135 136 145 148 151 152 153 155 162 163 166 168 170 171 180 181 185 190 191 192 197 201 204 205 207 209 212 215 222 228 231 232 233 243 253 255 264 267 273 285 288 291 292 293 299
47 126 132 135 136 145 148 151 166 169 171 172 176 180 181 182 183 185 189 200 202 204 215 221 223 225 229 235 236 237 240 245 248 252 253 264 267 268 270 271 273 280 287 289 291 292 294 300
48 126 131 133 135 136 148 149 151 163 164 168 170 175 182 183 191 200 201 202 203 209 212 213 215 219 223 228 232 233 235 237 242 243 245 246 253 255 264 268 270 273 280 285 289 291 294 296 299
0
47 128 131 145 148 149 151 152 163 164 168 169 172 179 180 185 187 191 201 202 203 204 212 213 221 223 225 229 231 232 235 236 246 252 255 257 264 267 271 274 280 285 287 288 289 291 294 296
0
49 132 133 135 136 138 145 154 158 164 169 171 179 180 185 189 190 191 200 201 202 207 209 212 213 222 223 225 227 228 229 235 243 248 250 252 253 257 266 270 271 273 274 280 285 289 290 291 292 294
60 132 133 135 136 138 145 148 151 153 154 155 158 162 169 170 175 176 182 183 185 190 192 200 201 202 204 205 212 215 219 222 223 225 227 228 229 233 235 236 240 242 245 246 252 253 255 264 266 267 268 273 274 280 287 289 290 291 292 294 296
0
0
0
45 135 148 151 153 154 155 162 168 170 171 172 175 179 180 182 183 187 189 190 191 192 200 205 209 217 221 222 225 228 229 232 233 235 237 242 243 248 250 257 264 270 273 274 290 292
0
0
44 145 148 152 154 158 163 167 169 176 180 181 187 189 191 197 200 202 204 209 213 217 222 223 227 229 231 233 235 236 242 246 248 253 257 266 267 268 273 285 287 289 292 296 299
0
51 148 158 164 166 167 168 170 171 175 176 179 180 181 182 185 189 190 191 192 202 203 204 207 209 212 215 217 223 225 229 231 232 233 236 237 242 245 246 248 250 252 267 271 280 287 288 291 292 296 299 300
40 148 151 153 154 155 163 164 169 170 171 172 176 190 200 203 204 205 209 213 215 219 222 228 231 233 236 242 243 253 255 264 266 267 270 274 280 285 294 296 299
46 148 153 155 158 166 167 168 170 172 176 181 183 189 190 192 200 205 207 212 215 221 223 225 227 228 229 231 235 236 242 245 248 250 255 257 264 266 270 280 285 288 290 291 292 293 296
41 151 152 153 154 155 164 175 181 182 183 190 191 192 197 200 204 205 215 219 223 225 227 228 232 237 240 242 243 248 252 260 268 270 273 280 285 287 289 291 292 294
45 145 152 155 158 162 163 167 168 171 180 183 192 201 202 204 215 217 223 229 232 233 235 236 237 242 243 245 246 248 250 252 253 257 260 264 266 267 268 270 271 274 280 289 292 300
40 145 148 149 151 154 155 158 170 172 176 180 181 182 187 192 197 200 201 202 205 207 209 221 222 223 228 229 233 240 242 250 253 260 264 268 270 273 285 291 300
0
35 153 154 158 163 167 168 172 176 179 182 189 192 197 201 203 205 207 209 212 219 222 223 232 233 235 248 255 257 260 264 266 267 268 287 296
44 148 151 155 163 167 169 171 176 180 181 182 185 189 200 201 202 203 204 209 212 215 221 223 225 232 235 240 245 246 248 253 255 257 260 264 267 270 274 280 285 289 291 293 296
0
0
39 152 155 162 169 176 179 181 187 189 190 191 192 197 200 203 205 209 213 215 217 221 223 227 242 243 245 246 250 252 257 260 264 266 288 292 293 294 299 300
0
0
0
0
0
46 158 163 164 166 167 168 169 170 175 179 181 182 183 189 190 191 197 200 202 203 207 213 215 219 225 227 228 233 242 246 250 252 255 260 266 267 273 274 280 285 289 290 291 293 294 300
43 163 164 166 167 169 175 176 179 187 189 190 200 201 202 203 205 207 209 213 223 225 227 228 235 236 237 240 243 248 252 255 260 264 267 268 271 274 285 290 292 293 294 299
0
42 162 169 175 179 183 185 189 191 192 197 200 201 203 204 212 217 221 222 223 225 227 228 229 232 235 236 242 245 246 248 253 255 267 270 271 274 280 285 288 291 296 300
35 163 164 166 168 170 171 172 185 189 190 191 203 205 207 213 217 219 222 228 229 233 235 237 242 246 250 252 253 266 267 271 287 289 291 294
42 164 166 167 168 169 170 171 172 176 180 183 187 190 192 197 201 202 204 212 213 215 217 225 228 232 233 240 243 245 248 250 252 255 260 264 270 280 288 289 291 292 294
0
0
0
40 168 169 172 183 187 189 192 201 203 204 205 207 209 212 215 217 219 222 223 227 228 229 231 237 242 245 248 250 252 257 260 264 266 267 271 273 287 288 296 299
0
0
0
0
0
0
0
40 175 176 180 182 183 185 187 191 197 200 201 203 207 209 212 213 219 222 225 227 232 235 236 243 245 246 250 257 264 266 267 270 273 280 285 289 292 293 294 296
36 176 181 182 183 185 187 189 192 197 200 201 205 209 213 215 217 219 222 229 233 240 246 250 252 255 257 264 267 285 287 288 289 293 294 299 300
0
0
37 179 180 181 182 185 190 197 200 202 205 209 219 221 225 232 233 235 237 240 245 248 252 257 260 264 266 270 271 273 280 288 290 292 294 296 299 300
32 180 183 192 197 200 202 204 205 207 212 213 215 219 222 225 228 231 233 235 236 237 245 246 250 257 260 273 274 289 293 296 299
0
0
0
0
0
35 187 190 192 202 203 212 219 221 225 227 228 229 233 235 236 248 250 252 253 257 266 267 268 270 273 274 280 285 287 288 289 291 293 294 300
0
34 191 197 200 201 212 213 215 217 221 222 223 228 231 232 236 242 243 245 250 252 253 255 257 266 268 270 271 274 280 285 288 289 293 300
0
28 191 200 203 204 207 212 213 223 227 232 235 237 243 245 246 253 255 257 264 267 268 270 271 280 285 291 292 294
0
0
0
0
31 203 207 212 213 217 221 223 225 228 229 231 232 236 237 243 245 248 250 252 255 264 266 270 271 289 290 291 293 296 299 300
26 200 205 207 212 213 221 222 223 225 228 231 233 243 245 250 252 266 267 268 273 280 293 294 296 299 300
32 197 200 202 203 204 205 212 213 215 222 223 225 227 228 231 235 236 243 245 246 250 253 255 257 266 270 273 280 287 289 291 293
36 197 200 201 203 205 207 209 212 215 219 221 223 225 227 228 229 232 236 237 240 245 246 248 250 252 253 255 266 267 268 270 273 280 285 287 290
0
26 204 207 209 219 223 227 228 231 232 233 235 236 243 252 253 257 264 266 270 271 274 285 287 288 289 300
29 200 201 203 205 207 209 217 219 225 227 229 231 232 235 240 242 246 250 252 255 257 260 267 268 273 280 290 291 299
0
0
0
0
0
0
24 207 219 223 225 233 235 240 242 250 252 253 257 260 264 267 268 270 274 285 287 292 293 299 300
0
18 217 223 228 233 235 237 243 246 252 253 266 267 273 285 292 293 294 296
0
21 213 217 219 222 225 228 231 233 235 240 250 253 260 266 267 271 273 280 291 294 299
24 213 228 235 237 240 246 248 250 252 253 264 266 267 270 271 273 280 289 290 291 292 293 294 300
0
0
26 215 219 221 223 227 228 231 236 242 243 245 250 253 257 260 264 267 268 270 280 285 288 289 290 294 300
0
26 219 221 225 227 228 233 236 237 248 250 252 255 257 266 267 271 274 285 288 289 290 291 292 293 296 300
0
17 225 227 231 232 240 245 248 250 252 253 270 271 273 274 289 292 293
0
22 222 223 227 228 229 232 233 236 237 246 248 250 255 264 266 267 270 271 274 288 290 296
0
0
0
21 235 237 242 245 246 248 250 252 253 255 257 266 267 271 273 274 287 288 290 292 300
0
23 227 231 232 233 236 237 240 246 255 257 260 264 266 268 270 271 274 280 288 289 290 294 296
0
0
0
24 231 233 235 237 240 242 245 246 250 252 255 260 264 267 268 270 271 273 274 289 290 291 292 300
0
0
0
16 236 240 242 243 248 252 253 255 260 267 268 285 287 290 293 296
0
0
0
18 243 246 250 252 260 268 270 271 280 285 287 289 291 292 294 296 299 300
14 242 246 252 253 257 260 270 271 273 288 289 293 294 300
0
15 242 245 246 250 252 257 264 266 267 270 274 289 292 299 300
0
0
15 245 248 250 252 253 257 267 270 273 274 280 285 288 293 300
0
0
15 248 252 253 264 267 271 274 280 288 290 292 293 294 299 300
0
16 253 255 257 264 266 268 273 274 287 288 289 291 292 294 296 299
0
11 253 257 266 267 268 270 274 287 290 299 300
0
0
10 257 260 266 267 270 273 285 287 291 292
0
10 257 267 270 273 274 280 289 291 292 296
0
13 260 266 271 274 280 287 288 289 291 292 293 299 300
11 264 266 270 271 274 280 288 291 294 296 299
0
13 264 267 268 270 271 280 285 289 290 291 293 299 300
11 264 267 270 271 280 285 287 288 294 296 300
9 264 268 270 274 285 290 291 299 300
0
9 270 271 273 280 285 292 293 296 300
0
0
0
5 270 274 288 291 300
0
0
3 273 288 294
0
0
7 280 285 291 292 294 296 300
5 280 289 291 293 294
9 280 285 287 288 289 292 296 299 300
4 280 287 288 289
6 280 287 288 291 293 300
0
3 289 293 294
8 285 287 288 289 292 296 299 300
9 285 287 288 289 290 291 294 299 300
4 285 287 288 292
0
6 291 292 293 294 296 300
0
0
0
0
0
0
0
0
1 299
0
1 300
2 299 300
0
0
