300
8 259 245 254 296 255 298 258 263
8 296 273 282 285 261 252 271 298
8 297 242 252 270 244 249 262 265
8 258 267 244 274 275 280 300 297
8 278 248 263 293 280 260 282 247
8 299 262 258 271 273 274 259 249
8 250 243 254 269 246 289 266 260
8 261 254 272 252 269 242 253 250
8 260 299 291 282 284 266 265 279
8 290 268 248 259 267 278 280 241
8 254 245 267 251 272 261 291 247
8 242 272 243 273 287 293 295 264
8 261 284 250 257 243 258 248 256
8 284 283 251 270 252 258 268 253
8 253 244 276 281 282 251 277 257
8 281 284 289 265 269 285 261 291
8 289 265 252 261 260 271 255 269
8 256 271 252 244 276 248 251 270
8 260 263 279 295 291 273 268 250
8 276 243 248 270 265 286 267 255
8 276 284 296 291 283 259 267 262
8 289 279 249 286 270 287 281 280
8 249 257 290 267 289 253 277 297
8 286 269 264 262 249 291 247 287
8 260 270 300 287 294 272 252 256
8 278 281 277 289 263 293 251 244
8 275 249 273 261 292 260 297 285
8 290 248 286 272 278 298 277 276
8 253 259 263 295 284 245 265 267
8 293 298 283 284 265 299 291 257
8 286 293 269 281 272 283 280 278
8 278 254 261 295 263 244 273 269
8 241 252 260 264 294 287 279 270
8 267 295 287 282 279 281 242 264
8 278 287 281 276 262 251 295 298
8 259 252 291 281 256 267 275 294
8 274 253 286 293 270 296 279 278
8 263 293 262 277 264 284 285 271
8 246 242 274 284 295 245 247 280
8 249 257 294 300 275 282 256 269
8 300 270 277 287 292 279 253 296
8 298 297 245 285 274 253 244 252
8 294 247 245 252 287 260 290 255
8 273 298 275 274 270 286 282 248
8 294 249 292 273 251 242 247 257
8 267 261 245 241 278 283 284 258
8 255 259 246 299 300 244 282 243
8 278 241 258 254 284 285 271 300
8 255 297 241 281 248 289 283 259
8 265 245 246 281 294 276 295 269
8 241 288 256 255 259 243 289 264
8 293 249 252 279 292 278 250 259
8 286 273 267 283 296 260 265 290
8 253 279 248 280 275 260 298 258
8 269 252 291 250 280 294 265 299
8 288 271 287 279 278 257 295 262
8 253 280 249 247 291 244 294 263
8 266 257 261 288 292 280 242 295
8 249 259 276 277 300 271 244 248
8 290 250 263 264 241 292 288 297
8 258 279 257 288 255 262 268 247
8 276 290 280 246 264 284 253 291
8 286 279 272 269 289 273 248 291
8 288 269 244 250 260 281 247 276
8 243 267 250 254 282 273 292 298
8 293 294 265 298 270 295 297 260
8 259 263 298 265 293 273 278 288
8 243 271 263 289 268 295 255 266
8 265 297 280 248 290 242 254 295
8 254 266 244 256 242 283 297 253
8 300 282 261 270 242 272 265 283
8 298 275 283 300 278 256 247 282
8 272 281 283 285 246 256 268 271
8 266 281 255 267 247 252 250 299
8 285 299 271 252 245 287 291 297
8 278 280 291 266 262 274 292 259
8 253 296 279 272 284 243 245 280
8 248 272 296 268 269 241 262 300
8 267 251 281 257 277 285 280 284
8 270 258 264 242 277 296 243 266
8 247 253 296 266 297 287 289 283
8 255 266 294 260 269 244 268 300
8 287 294 254 269 262 252 286 263
8 271 267 290 275 266 297 251 263
8 273 244 261 245 286 299 274 271
8 274 277 251 256 290 289 265 272
8 280 284 250 247 243 297 255 272
8 254 263 248 256 257 290 270 272
8 287 242 245 282 241 257 272 299
8 291 261 241 243 245 283 284 269
8 291 280 243 284 259 241 260 274
8 257 271 267 242 296 249 281 255
8 251 299 290 269 285 268 260 292
8 270 279 241 242 245 249 269 274
8 250 297 288 264 289 281 263 274
8 292 277 243 241 260 283 293 273
8 249 272 297 250 274 279 286 251
8 268 291 293 278 285 257 298 270
8 273 285 274 294 267 278 243 241
8 278 253 298 293 252 254 292 264
8 255 289 296 300 262 267 266 298
8 261 289 300 280 295 299 245 290
8 298 294 270 291 262 276 255 241
8 286 294 291 292 282 281 245 273
8 252 286 259 268 258 298 290 297
8 287 288 294 295 253 289 271 241
8 285 267 291 268 264 254 296 246
8 294 266 264 287 276 268 258 281
8 261 246 242 296 262 254 286 247
8 262 252 263 298 284 283 276 292
8 293 291 296 259 267 266 279 263
8 243 279 251 250 263 274 248 289
8 243 256 244 241 274 261 299 277
8 259 298 294 252 276 287 290 296
8 298 299 264 241 270 285 244 273
8 295 297 275 294 245 279 268 241
8 263 241 258 251 290 292 275 285
8 272 300 247 264 294 276 253 295
8 252 285 277 266 249 244 243 298
8 266 298 280 255 282 265 259 247
8 247 279 273 286 244 245 296 241
8 254 263 285 271 246 284 277 299
8 283 245 247 295 291 268 246 284
8 288 295 243 257 283 293 266 246
8 300 253 261 279 260 247 267 291
8 285 246 245 254 279 286 249 248
8 276 283 291 246 274 270 299 284
8 258 280 264 296 294 293 261 286
8 297 276 293 299 248 277 244 285
8 244 262 291 274 272 269 265 295
8 278 259 289 288 297 258 242 268
8 251 297 259 265 299 247 270 260
8 262 299 274 300 257 256 293 288
8 248 265 280 251 263 255 276 257
8 278 256 280 251 293 263 241 286
8 286 270 259 260 241 243 279 269
8 245 265 249 291 284 242 243 272
8 296 270 278 248 279 264 290 258
8 269 275 258 273 299 291 272 285
8 276 282 295 268 249 293 244 266
8 266 263 298 275 269 288 292 295
8 272 268 276 247 269 245 300 296
8 300 291 293 272 278 241 280 289
8 299 289 296 281 292 275 274 279
8 291 272 282 297 274 294 260 263
8 276 259 263 261 269 296 244 286
8 293 249 250 265 282 273 246 259
8 247 285 255 263 299 257 276 267
8 299 255 285 278 270 256 250 254
8 268 244 273 251 286 248 259 243
8 243 250 275 258 263 272 285 267
8 244 275 262 264 260 248 243 274
8 291 241 255 252 269 277 298 284
8 260 283 273 285 267 253 248 263
8 254 279 256 245 261 263 287 292
8 270 268 295 251 269 297 250 275
8 260 265 277 299 246 273 272 280
8 246 261 247 300 295 276 279 298
8 300 254 275 267 250 264 288 278
8 285 271 293 251 254 267 246 292
8 266 246 285 248 282 249 241 296
8 284 276 266 297 258 282 246 280
8 299 271 270 259 255 289 257 281
8 293 295 278 258 288 257 289 276
8 290 286 246 255 276 268 252 299
8 285 256 281 272 260 290 245 242
8 242 271 253 255 292 263 276 262
8 261 252 259 281 289 285 273 260
8 272 291 256 286 264 287 295 273
8 285 246 297 294 263 254 244 249
8 262 300 281 255 253 275 297 283
8 282 252 264 277 267 244 245 248
8 275 247 290 266 298 256 265 276
8 297 281 248 296 284 261 241 299
8 296 280 245 278 298 259 257 283
8 281 286 261 256 298 285 296 272
8 262 294 265 290 285 277 243 256
8 296 299 272 292 277 241 259 247
8 244 259 262 254 290 264 268 252
8 250 255 281 266 272 275 299 298
8 296 257 247 242 249 265 248 275
8 300 284 268 292 267 262 281 249
8 270 249 288 280 291 300 268 282
8 298 284 292 257 265 295 243 287
8 277 298 286 258 254 266 249 245
8 260 242 252 271 292 261 288 265
8 254 293 288 290 287 259 276 270
8 293 259 292 245 258 291 290 257
8 291 275 292 280 263 298 270 282
8 260 272 270 275 282 299 273 243
8 278 270 299 242 291 273 271 255
8 245 279 254 288 283 297 269 266
8 283 273 267 246 245 287 244 242
8 256 296 294 295 251 248 277 293
8 254 291 258 257 282 279 293 241
8 265 287 274 241 262 258 266 271
8 244 295 273 248 267 269 279 241
8 290 296 247 241 249 264 291 280
8 300 245 284 260 278 253 269 283
8 256 265 297 294 272 277 248 243
8 267 265 290 269 252 283 278 257
8 281 247 292 298 253 260 289 270
8 254 267 286 275 246 248 297 253
8 254 242 284 288 298 277 275 287
8 255 273 253 292 286 277 275 272
8 297 279 290 245 250 268 276 252
8 277 271 285 268 245 296 272 259
8 298 279 283 292 255 252 242 300
8 257 272 245 266 294 249 261 259
8 250 268 248 277 264 274 265 263
8 291 276 295 244 261 252 277 265
8 254 298 255 276 268 266 261 256
8 297 257 296 273 292 288 267 272
8 249 275 270 255 272 253 247 283
8 288 249 259 243 258 265 263 247
8 278 282 295 251 257 296 299 294
8 300 273 278 286 256 299 295 279
8 275 277 241 261 281 283 250 298
8 297 291 244 261 252 290 284 276
8 276 291 284 274 297 286 250 295
8 280 271 279 284 274 247 242 246
8 259 265 250 296 292 290 248 263
8 297 288 285 265 268 281 262 269
8 267 275 265 257 286 251 268 247
8 262 293 271 267 257 269 247 244
8 290 258 286 270 285 268 251 248
8 284 260 244 255 295 250 252 296
8 295 265 283 251 279 284 272 266
8 267 249 281 279 254 270 296 244
8 267 261 294 300 292 251 250 290
8 276 280 293 257 289 260 251 300
8 245 296 246 248 259 270 269 292
8 256 269 253 263 265 243 291 247
8 253 267 245 298 262 247 295 246
8 250 277 294 279 287 289 283 271
8 275 254 266 246 300 285 247 249
8 250 263 298 297 260 284 288 295
8 299 288 290 241 268 281 244 287
8 293 252 292 297 258 249 272 284
8 264 247 262 242 260 249 295 281
0
0
0
0
0
0
0
0
0
0
0
0
0
0
0
0
0
0
0
0
0
0
0
0
0
0
0
0
0
0
0
0
0
0
0
0
0
0
0
0
0
0
0
0
0
0
0
0
0
0
0
0
0
0
0
0
0
0
0
0
