300
60 10 12 13 18 19 26 33 49 54 67 70 75 78 80 85 88 93 98 104 106 114 115 117 118 122 125 135 136 140 143 144 146 152 156 157 167 171 174 182 184 194 202 207 208 212 215 217 221 224 225 233 242 262 275 277 281 282 290 294 298
0
73 8 10 12 21 26 44 49 50 55 61 66 67 75 77 79 80 83 85 89 95 98 104 106 108 115 116 117 118 120 124 134 135 136 138 140 144 145 149 152 156 159 160 161 162 169 174 184 185 189 191 194 202 203 207 212 214 218 222 227 231 235 243 244 257 262 275 277 282 284 290 293 294 298
0
60 8 10 21 33 36 44 49 51 60 63 73 78 79 83 85 89 103 111 114 116 117 122 129 131 134 135 136 138 140 143 145 147 157 160 161 182 185 202 203 204 207 208 212 214 215 217 224 227 228 242 257 270 272 277 283 290 293 294 299 300
71 9 10 13 18 33 36 51 55 60 61 66 67 72 73 74 75 77 79 83 86 88 89 95 100 103 120 122 131 134 136 138 140 145 149 156 157 160 161 163 165 166 169 174 181 182 189 190 194 202 208 212 215 217 221 224 231 233 243 244 249 262 270 272 275 277 281 282 284 290 294 300
65 8 9 12 13 18 26 33 40 49 50 61 63 64 66 74 78 86 89 93 95 98 100 116 122 125 134 135 136 144 145 146 147 149 152 157 162 163 165 166 169 182 184 189 190 191 203 208 214 215 218 221 222 224 225 227 228 242 243 249 257 262 277 282 283 294
0
0
0
73 18 19 22 44 50 51 54 55 61 62 64 67 70 79 80 83 85 87 98 100 103 104 108 111 113 114 115 116 122 125 131 135 136 140 144 152 157 159 166 167 169 171 174 181 182 184 185 188 190 194 203 204 207 208 209 212 214 217 218 224 225 228 235 257 259 262 275 281 282 283 284 293 299
0
0
71 26 36 40 44 50 51 55 60 63 64 74 75 77 78 79 85 88 89 98 103 104 108 113 117 120 122 125 129 131 135 138 140 143 144 145 147 149 157 159 160 162 165 166 169 188 189 190 191 194 202 204 208 215 221 227 228 233 242 244 249 270 277 281 282 284 290 293 294 298 299 300
69 18 19 22 40 44 51 54 55 61 64 66 67 72 75 79 83 85 88 89 93 104 106 116 117 118 120 122 124 131 134 135 139 144 145 146 149 152 159 163 174 181 185 189 190 191 194 202 203 207 208 212 214 215 221 224 225 228 235 242 243 244 249 257 262 270 281 293 298 299
80 21 33 36 37 39 40 44 49 50 52 54 55 60 61 63 64 66 67 70 72 73 74 77 85 88 93 95 98 103 104 106 108 113 115 118 122 124 131 134 138 139 143 147 156 160 163 165 167 169 182 184 188 202 203 207 209 212 217 218 221 222 225 227 228 231 233 235 242 244 257 270 275 277 281 282 284 294 298 299 300
67 22 26 39 44 51 54 55 60 61 62 63 64 73 75 80 83 87 88 89 98 103 104 108 111 116 122 125 129 131 136 138 139 143 146 147 157 160 161 166 171 174 182 189 191 194 203 204 207 209 212 217 222 224 225 231 244 257 259 270 272 277 281 282 283 284 293 294
0
0
66 21 36 50 51 52 55 60 62 66 67 72 78 86 87 93 98 104 106 108 111 113 115 117 120 124 131 135 136 139 140 143 146 152 156 157 160 161 162 166 167 169 181 182 185 190 194 202 203 207 208 209 212 215 217 224 227 228 233 235 249 259 270 277 284 290 293
0
0
61 33 49 52 54 62 63 66 67 70 72 74 77 78 80 83 85 103 104 106 111 114 118 124 131 134 138 140 146 147 152 157 159 165 166 167 181 182 184 189 190 194 203 204 215 217 218 224 227 231 235 244 249 259 270 277 282 284 294 298 299 300
64 26 36 37 39 40 49 52 54 55 61 62 73 74 78 80 83 85 87 88 100 106 111 116 117 118 120 122 129 135 136 140 143 146 147 152 156 157 160 161 162 171 174 182 184 185 188 189 190 194 209 217 224 227 231 249 259 262 270 277 281 294 298 299 300
71 33 36 37 40 50 60 61 64 67 74 77 80 85 87 93 95 104 106 111 115 117 118 120 122 124 136 138 139 140 143 144 145 146 147 159 160 165 166 171 181 184 185 188 190 194 204 207 208 209 214 217 224 225 228 231 242 249 257 262 270 272 275 277 281 282 284 290 293 298 299 300
0
69 33 37 39 40 44 50 54 55 63 64 70 72 73 74 75 77 79 80 83 87 88 89 100 106 111 114 115 116 120 122 124 129 139 140 145 146 157 159 160 166 167 169 171 184 185 190 191 194 203 208 212 215 218 224 225 228 233 235 242 244 249 259 262 272 281 282 293 298 299
68 33 36 37 39 40 44 50 51 52 55 60 62 67 72 73 74 77 79 80 85 86 87 88 95 104 111 113 115 122 129 131 136 138 146 147 149 156 157 159 162 166 171 174 181 182 185 189 190 191 194 203 204 208 209 212 224 228 233 235 243 270 275 283 284 290 294 298 300
60 37 49 50 51 52 55 62 67 75 79 80 85 86 87 89 95 103 106 114 115 116 122 124 125 129 135 136 138 143 145 146 147 149 159 161 166 185 190 191 194 202 209 212 215 217 218 224 225 235 242 243 244 257 259 262 270 282 293 294 298
66 36 37 39 40 44 49 50 52 55 60 62 63 64 74 75 78 85 87 88 93 95 104 108 116 117 118 120 122 129 134 136 140 143 145 147 149 157 159 160 161 162 163 165 166 182 185 191 202 212 214 218 221 225 228 231 235 243 244 249 262 270 275 281 284 293 299
58 39 44 51 52 60 64 66 70 72 77 79 85 86 88 89 93 100 104 111 113 115 116 117 118 122 134 138 139 140 152 156 157 160 161 166 169 171 174 181 182 188 189 190 191 203 208 209 215 217 227 244 249 262 282 284 293 298 300
65 33 36 37 44 50 52 54 55 63 66 72 74 75 78 79 80 86 89 95 98 103 106 114 115 116 117 118 120 124 129 131 134 140 143 149 156 160 161 162 163 166 171 181 182 185 191 194 203 214 217 221 225 227 242 257 259 270 275 277 281 282 283 290 299 300
0
57 37 40 44 52 54 62 64 66 77 78 86 87 88 89 95 98 111 114 120 122 129 131 134 136 138 139 144 145 146 147 152 159 160 162 167 169 184 188 190 194 202 203 208 209 212 214 222 224 227 257 259 277 281 282 283 293 294
71 39 40 49 50 52 55 60 61 66 67 73 74 75 77 80 83 85 88 95 106 111 113 116 117 118 120 125 131 136 138 140 143 144 145 146 149 152 156 157 161 163 167 169 174 181 182 184 185 188 189 190 191 203 204 207 215 224 228 231 233 235 242 243 244 270 277 281 290 293 294 300
0
0
53 39 44 49 52 54 60 61 62 64 67 70 73 74 77 79 80 83 86 89 95 106 115 116 120 124 136 139 144 146 149 156 157 162 165 166 182 184 185 188 202 204 208 212 214 221 257 262 272 277 281 290 293 294
0
0
60 49 50 51 54 55 60 62 67 70 74 75 77 78 83 93 98 100 111 114 117 118 120 124 125 129 134 135 136 143 147 149 152 156 162 165 166 167 171 174 181 185 188 189 190 191 203 218 221 222 225 227 233 257 259 277 283 284 293 294 299
66 52 54 55 60 61 63 64 66 67 70 73 74 75 77 78 86 87 88 89 93 95 100 104 106 117 118 120 129 131 134 138 140 145 159 161 163 169 184 185 190 194 203 207 208 209 212 217 225 227 233 242 244 249 259 262 270 275 277 282 283 284 290 293 298 299 300
54 44 50 63 64 66 67 74 75 78 79 80 83 88 89 93 103 104 111 116 120 134 136 140 144 146 147 149 161 165 166 169 174 189 203 204 215 218 222 224 225 227 228 231 242 243 249 257 270 277 281 283 290 294 300
0
68 50 52 55 60 61 62 64 66 70 74 77 79 80 83 85 87 88 93 95 106 108 111 115 116 122 124 131 136 140 143 144 147 157 159 160 161 162 171 174 189 191 194 202 203 204 207 209 212 214 215 217 221 222 227 228 231 242 243 244 272 275 277 281 284 290 293 294 298
60 50 55 60 63 66 70 72 75 83 86 88 93 98 103 104 114 116 117 118 122 124 129 134 135 136 139 146 149 156 157 162 163 169 174 182 184 191 204 208 209 212 217 222 224 227 231 233 242 243 249 257 272 282 283 284 290 293 294 298 299
62 50 51 52 55 61 62 63 64 66 67 72 74 79 83 85 86 87 93 100 103 113 117 122 129 131 134 136 140 145 146 147 159 162 163 166 169 174 181 185 188 204 208 209 212 214 217 218 222 224 228 242 249 257 259 262 275 281 282 290 294 299 300
64 51 55 60 61 62 63 64 73 75 78 80 83 85 86 89 93 104 108 113 115 120 125 131 134 139 140 143 144 147 149 152 156 157 159 160 162 167 169 185 188 189 190 194 202 204 209 212 214 221 225 228 231 233 242 243 257 262 270 282 284 290 298 299 300
0
0
0
0
62 60 61 64 67 72 73 75 77 79 85 86 93 95 98 113 114 116 118 120 122 124 131 136 138 140 143 145 146 147 152 156 159 162 163 171 174 185 189 190 191 202 204 207 208 212 214 217 222 224 227 228 231 233 243 244 257 262 272 277 290 298 299
0
0
53 60 67 70 72 73 74 75 80 86 93 108 111 113 115 124 129 131 134 138 139 140 144 146 149 152 156 163 165 171 181 188 190 191 194 202 203 207 212 215 217 222 224 227 243 244 257 262 277 281 282 284 299 300
47 72 73 85 88 103 104 106 114 117 129 131 136 144 145 146 149 157 160 161 163 182 188 189 191 194 203 204 209 212 215 217 218 221 222 225 227 228 231 242 262 270 275 282 293 294 298 299
65 61 64 66 67 77 78 83 86 88 98 104 106 108 111 116 117 124 125 135 136 143 145 147 152 156 157 159 160 163 165 166 167 171 181 182 184 185 188 191 194 202 203 204 208 209 212 214 217 222 228 233 242 243 244 249 257 259 262 270 277 281 282 290 298 299
52 63 67 70 73 75 77 78 79 80 87 89 106 115 116 118 120 125 134 135 139 140 143 144 147 149 152 157 160 161 162 165 166 191 194 204 209 212 214 218 222 225 228 235 242 249 257 270 282 290 293 294 299
0
0
0
0
0
68 66 70 73 74 75 77 80 83 85 87 93 100 103 106 108 111 113 114 116 117 120 125 134 136 144 145 147 149 152 156 157 161 162 167 169 174 181 182 184 185 188 189 202 204 208 209 212 215 221 225 227 228 231 233 242 244 257 270 275 277 281 282 283 290 293 298 299 300
0
0
58 70 73 77 78 79 83 87 89 95 98 100 103 104 106 108 111 113 117 118 120 124 125 129 134 135 140 143 144 145 147 149 156 159 160 163 165 167 171 181 182 188 194 203 217 221 222 227 231 235 242 257 275 281 283 294 298 299 300
57 72 74 77 78 79 80 85 86 89 100 106 116 117 122 125 129 136 138 139 143 144 145 146 147 149 157 159 161 169 171 181 184 185 188 189 190 202 207 212 214 215 217 222 225 228 231 235 249 259 275 282 283 284 290 294 299 300
0
66 72 73 75 78 79 80 83 85 86 87 88 89 100 106 108 111 115 117 120 122 124 125 129 131 135 139 143 156 157 159 160 161 162 163 166 167 169 184 188 189 194 202 203 207 217 222 225 228 231 235 242 243 249 259 270 272 275 277 281 282 283 284 293 294 298 299
0
0
0
0
59 78 79 86 87 88 95 103 104 106 108 111 113 116 117 118 120 122 124 125 129 131 134 136 138 144 146 156 157 159 161 162 163 169 171 189 190 194 203 207 208 212 214 215 218 222 227 233 235 243 257 259 277 281 282 284 293 294 298 300
0
0
0
0
61 85 87 88 89 95 103 111 113 118 120 124 125 129 136 140 143 144 146 152 160 161 162 163 165 166 167 171 174 181 185 188 189 203 204 207 208 212 214 217 218 221 224 225 227 228 231 233 243 244 249 257 270 275 281 282 283 284 294 298 299 300
48 85 87 88 103 104 106 108 111 117 118 124 125 131 136 143 144 147 149 156 157 161 162 163 169 181 182 184 190 191 203 209 212 214 215 217 221 225 228 233 235 243 259 262 277 283 284 293 298
0
58 86 87 89 93 104 106 113 114 116 117 118 124 129 131 134 135 136 139 144 145 146 149 152 157 160 163 166 167 182 184 185 188 189 191 194 202 203 204 207 208 212 221 222 228 233 242 243 259 262 270 272 275 277 281 283 284 298 299
0
0
0
0
0
47 95 98 100 104 111 113 114 120 122 125 131 135 140 144 147 149 152 156 157 159 160 165 166 167 171 182 190 202 207 209 212 221 224 227 233 235 242 259 270 281 283 284 290 293 294 298 300
47 95 98 103 104 113 115 120 131 135 138 139 140 143 144 145 146 152 156 161 162 165 166 167 169 171 181 182 184 194 203 204 207 214 218 222 225 227 231 233 242 244 257 259 270 272 277 293
53 93 95 103 106 108 111 113 114 115 116 117 118 120 122 129 131 134 135 136 139 145 149 159 166 181 182 184 185 188 189 190 204 209 212 214 217 221 222 231 233 242 244 257 259 262 272 275 277 281 283 284 293 299
0
49 95 98 100 104 108 111 115 116 117 120 122 124 129 131 134 136 140 144 157 162 165 166 167 169 171 174 184 189 208 209 212 218 224 225 227 231 235 242 243 244 249 259 262 272 277 283 290 298 299
0
46 98 104 108 111 116 117 118 122 134 136 140 144 147 152 157 159 160 161 163 165 166 167 171 181 185 191 194 203 212 214 215 218 221 225 228 233 242 243 249 257 259 270 272 281 283 300
39 104 106 108 111 113 115 118 122 125 129 131 136 145 146 149 159 165 166 167 188 190 191 194 204 208 222 231 242 243 257 262 272 277 281 293 294 298 299 300
0
40 108 111 113 115 117 131 139 143 144 146 147 160 162 163 166 171 181 189 194 203 208 209 217 221 224 227 228 233 235 242 244 249 259 270 281 282 283 290 293 300
0
50 103 106 108 111 114 115 117 118 122 124 125 129 134 136 139 140 144 145 146 147 149 152 156 159 160 163 165 167 171 181 182 185 188 191 203 204 209 215 217 227 228 231 233 243 244 262 282 283 290 300
55 103 106 111 113 114 115 117 118 122 134 135 138 139 145 146 149 156 157 159 160 162 163 165 167 169 171 174 185 188 194 202 203 204 207 208 217 218 222 225 228 233 235 244 259 262 272 275 277 281 282 290 293 294 299 300
0
0
44 106 108 111 115 118 120 122 124 129 138 139 140 143 145 146 156 157 159 161 162 169 174 182 184 185 202 203 207 208 222 224 228 242 243 244 249 259 262 282 284 290 294 299 300
0
35 111 113 116 117 124 134 136 139 144 145 149 156 157 159 160 191 202 207 209 215 217 218 222 227 233 243 259 262 281 283 284 290 293 299 300
0
42 111 113 116 120 122 124 125 131 134 139 140 144 145 152 160 161 165 169 171 182 185 189 190 194 203 208 215 217 224 225 231 235 262 270 272 277 283 284 290 293 298 299
47 111 113 114 115 120 124 131 134 139 140 143 144 156 160 161 163 166 169 174 181 184 188 204 208 209 212 214 218 221 227 228 231 233 242 243 244 249 257 275 277 281 284 290 293 294 299 300
0
42 113 117 118 120 124 125 135 136 144 145 146 147 160 162 167 182 184 185 190 191 202 203 204 208 209 214 215 222 224 225 227 235 242 244 275 282 283 284 290 293 294 299
0
0
0
0
0
0
44 129 131 134 136 138 140 143 149 157 161 162 165 166 174 181 185 190 191 203 204 207 208 212 215 217 224 227 228 231 233 235 242 244 249 259 262 270 272 282 284 290 293 294 298
0
45 122 131 135 140 145 146 147 152 156 161 163 169 171 181 184 185 188 189 190 191 194 203 208 209 212 214 215 217 222 224 225 228 233 235 242 249 262 275 277 281 283 290 293 298 300
0
35 129 131 134 135 138 144 147 160 165 166 169 171 174 191 203 207 208 209 212 215 221 222 225 231 233 243 244 262 277 281 282 284 290 294 298
0
0
43 129 131 138 140 144 146 147 149 157 161 163 167 169 171 181 182 185 189 191 194 203 204 207 208 209 212 218 221 224 225 228 233 242 243 244 257 259 262 272 277 290 293 294
41 131 135 136 138 139 140 143 145 149 160 161 163 165 166 167 169 171 174 182 185 189 190 202 208 209 215 218 231 233 243 259 275 277 282 283 284 290 293 294 298 300
42 129 134 138 140 143 144 146 147 149 156 159 163 165 166 167 169 171 181 188 190 191 194 204 208 209 217 218 221 222 233 235 242 249 262 270 275 277 281 282 293 298 299
0
40 131 135 138 143 144 145 152 157 160 161 162 163 165 166 167 171 181 185 188 191 203 208 214 217 218 221 224 225 231 242 243 259 262 277 282 284 290 293 294 300
0
34 135 136 138 152 156 163 166 171 181 182 185 188 189 190 194 202 208 212 217 224 227 231 235 242 243 244 249 257 259 262 270 272 281 283
37 134 136 138 139 144 145 157 161 162 163 167 171 181 182 184 188 189 191 208 209 218 221 222 227 231 233 242 244 249 257 262 281 282 284 290 299 300
0
0
0
31 138 140 143 147 152 156 157 163 167 169 174 184 190 209 218 224 225 227 228 231 233 235 257 259 262 272 277 283 293 294 300
0
0
0
36 145 147 149 152 156 157 159 162 163 166 181 185 190 191 203 207 209 212 214 222 224 225 228 231 235 244 257 262 270 275 277 281 282 284 294 300
35 146 157 159 162 166 167 169 181 182 188 189 191 194 202 203 204 207 208 214 215 217 225 227 231 242 243 244 249 270 277 281 282 284 290 298
0
0
0
0
0
34 152 157 159 163 165 167 169 181 182 188 189 202 207 208 209 212 217 218 222 228 231 233 243 249 257 259 272 275 281 290 293 294 298 299
0
40 159 162 165 167 169 171 174 181 185 188 190 191 202 208 209 215 218 221 222 224 227 231 233 235 243 244 249 259 262 270 275 277 281 282 284 290 293 294 298 300
32 152 156 157 159 160 161 166 184 188 194 202 203 204 208 212 217 218 222 225 227 228 233 235 242 243 259 262 270 281 283 290 300
0
27 156 160 162 163 171 191 194 202 203 208 214 217 218 221 222 224 228 231 242 244 259 275 281 290 293 294 300
30 156 161 162 166 167 169 174 181 184 188 202 203 204 209 214 218 221 228 233 235 242 244 277 281 282 284 290 298 299 300
40 156 157 159 161 165 167 171 174 181 184 188 190 194 202 203 207 209 212 215 217 221 222 224 225 228 231 235 243 244 270 272 275 277 282 283 284 290 293 294 300
0
0
39 159 160 162 163 165 166 169 171 185 189 190 203 204 207 208 209 212 217 218 221 222 224 228 231 233 243 244 249 257 262 272 275 277 282 283 284 290 294 300
0
0
0
0
0
24 165 166 167 171 174 181 182 184 185 194 202 204 208 217 221 228 233 242 257 270 275 290 294 300
0
0
0
26 171 174 181 184 185 189 191 202 204 207 208 209 212 214 217 224 231 233 243 249 270 272 277 290 293 294
0
23 189 190 203 204 207 209 217 218 225 233 242 249 259 262 270 272 277 281 282 284 293 298 299
0
27 182 185 190 191 194 202 203 208 215 218 221 222 224 227 231 233 244 249 257 259 272 281 283 290 293 298 300
25 181 182 189 190 191 194 202 209 212 221 222 224 227 233 235 249 259 262 270 281 282 283 290 299 300
0
28 181 184 185 188 189 190 191 194 202 208 209 214 225 227 228 233 249 262 272 277 281 282 284 290 293 294 298 300
23 189 190 194 202 208 215 221 224 225 231 233 235 244 257 262 272 275 281 282 284 290 294 298
21 181 185 188 190 203 207 208 214 217 218 228 231 235 243 262 275 277 281 293 298 299
22 181 185 194 202 203 204 212 217 221 231 235 242 243 244 249 257 272 277 284 293 298 300
21 181 182 184 194 204 207 215 217 218 224 227 228 235 244 249 257 262 272 283 290 300
23 182 184 185 188 203 204 207 209 212 214 217 224 227 228 235 242 243 259 270 272 277 290 293
0
0
20 191 203 212 215 221 225 227 231 235 259 262 270 272 281 282 283 293 294 299 300
0
0
15 189 190 214 215 221 224 227 233 235 242 259 272 290 293 300
21 188 190 202 203 204 207 209 212 214 215 218 224 227 228 233 244 272 277 282 283 290
0
0
0
0
20 194 202 203 204 209 224 225 228 231 233 249 257 259 262 270 272 275 281 293 298
22 194 204 208 209 212 217 218 224 225 227 233 235 249 257 275 277 283 290 293 294 299 300
0
22 203 204 207 212 218 221 224 228 231 235 243 249 257 262 275 277 282 284 293 298 299 300
18 202 203 212 214 215 218 222 227 228 233 243 249 259 272 275 282 293 298
23 202 203 207 209 212 215 218 221 224 228 233 235 249 257 259 262 275 277 282 283 293 294 300
17 202 207 212 214 218 221 225 235 242 249 257 270 277 283 293 294 299
21 202 203 207 209 212 214 215 221 222 224 225 228 233 244 249 257 270 277 290 298 299
22 202 203 208 212 217 218 221 222 224 227 233 235 243 244 262 281 282 284 290 293 294 299
18 204 209 212 217 221 222 225 227 228 235 242 244 277 282 283 284 299 300
0
0
0
23 208 215 217 221 222 225 227 228 233 235 243 244 259 262 272 275 277 281 282 290 294 298 299
14 215 217 224 227 233 242 243 257 272 275 277 281 282 298
0
0
0
17 214 225 227 231 235 243 257 270 272 281 283 284 290 293 294 298 299
18 214 217 218 222 227 231 233 235 243 259 262 270 275 277 282 283 293 300
0
21 214 215 217 224 225 227 228 231 235 244 249 257 259 262 270 272 277 284 294 299 300
0
0
16 217 221 222 224 228 231 233 242 244 259 275 282 283 284 293 298
0
0
14 222 224 225 228 235 249 257 272 277 283 290 298 299 300
12 228 231 233 244 249 262 272 275 281 290 293 294
0
0
14 224 225 227 235 242 244 257 259 270 275 281 282 298 300
0
0
13 227 231 233 243 249 262 277 281 282 284 290 294 300
0
0
12 233 242 244 257 259 282 284 290 293 298 299 300
11 231 233 235 243 259 272 277 281 282 298 300
0
13 233 235 244 249 259 272 275 277 284 290 294 298 300
0
15 242 243 244 257 259 262 270 272 277 281 283 284 290 293 298
0
13 244 259 272 275 281 282 283 284 290 293 294 299 300
12 242 243 244 249 257 259 272 275 282 283 284 294
12 242 243 244 249 257 272 282 283 284 290 293 300
18 242 243 244 249 257 262 272 275 277 281 282 283 290 293 294 298 299 300
8 242 257 259 262 281 284 290 293
7 242 243 244 270 282 290 299
0
0
0
10 259 270 272 281 283 284 290 293 299 300
10 259 270 272 277 282 290 293 294 298 299
8 259 277 282 283 284 290 293 294
9 259 262 277 281 283 284 290 293 300
0
7 257 270 275 281 282 283 290
9 257 259 270 281 284 290 293 294 300
4 270 272 284 290
8 257 259 270 281 282 290 293 299
7 259 262 282 293 294 298 300
7 257 259 272 281 283 298 300
10 257 270 272 277 283 284 290 293 298 299
0
8 262 270 272 281 282 283 290 294
0
6 272 277 281 293 298 300
10 262 272 277 282 283 290 294 298 299 300
0
7 270 275 277 282 283 284 294
7 275 281 283 290 298 299 300
6 270 272 293 294 298 299
6 272 277 281 283 290 300
9 270 275 277 282 284 294 298 299 300
7 275 281 282 283 293 294 299
5 277 282 283 294 300
0
4 277 284 293 298
0
6 277 283 284 294 299 300
7 275 281 282 290 294 299 300
0
4 277 290 294 299
0
6 281 284 290 294 298 300
3 290 294 299
6 282 283 293 294 298 299
0
0
0
0
1 293
5 290 293 294 298 300
2 298 299
5 290 293 294 298 299
1 294
0
4 293 294 298 299
3 298 299 300
0
0
1 298
1 299
2 299 300
0
0
0
