75 15 674 10
29 1 2 1
16 1 2 1
21 1 3 1
56 1 3 1
4 1 3 1
60 1 3 1
26 1 3 1
31 1 3 1
27 1 4 1
29 7 4 1
39 1 4 1
62 1 4 0
17 1 4 1
2 1 4 1
11 1 4 1
23 1 5 1
18 1 5 1
25 1 5 1
6 1 5 1
50 1 5 1
36 1 5 1
3 1 5 1
35 1 5 1
17 1 5 1
57 1 6 1
9 1 6 1
61 1 6 1
22 1 6 1
42 1 6 1
10 1 7 1
48 1 7 1
7 1 7 1
52 1 7 1
39 7 7 1
40 1 7 1
30 1 7 1
58 1 7 1
34 1 8 1
41 1 8 1
47 1 8 1
21 11 8 0
16 11 8 0
5 1 9 1
13 1 9 1
56 7 9 1
16 7 10 1
31 7 10 1
65 1 10 1
2 11 10 0
8 1 11 1
3 7 11 1
36 7 11 1
50 7 11 1
6 11 11 0
58 7 12 1
55 1 12 1
34 7 12 1
45 1 12 1
20 1 12 1
12 1 12 1
27 7 12 1
2 7 12 1
66 1 13 1
19 1 13 1
42 7 13 0
59 1 13 1
54 1 13 1
16 8 14 1
44 1 14 1
61 7 14 0
4 7 14 1
21 8 14 1
43 1 15 1
37 1 15 1
30 11 15 0
40 7 15 1
56 11 15 0
51 11 16 0
23 11 16 0
2 8 16 1
41 7 16 0
3 11 16 0
5 11 17 0
60 11 17 0
21 7 17 1
57 7 17 1
63 1 17 0
17 7 17 1
49 1 18 1
38 1 18 1
23 7 19 0
24 1 19 1
63 1 19 1
1 1 19 1
10 7 19 1
14 1 20 1
29 11 21 1
35 11 21 1
52 7 21 1
5 7 21 1
38 7 21 0
59 7 21 1
53 1 21 0
46 1 22 1
6 7 23 1
31 11 23 0
18 7 23 1
60 7 23 1
3 9 24 1
17 11 24 0
44 7 24 1
53 1 24 1
62 1 24 1
13 7 25 1
34 11 26 0
8 11 26 0
22 7 26 1
2 9 26 1
39 8 26 0
9 7 27 0
65 11 27 0
50 8 27 1
31 11 27 0
23 8 27 1
33 1 28 1
54 7 28 1
35 7 28 1
7 11 28 0
21 11 29 1
57 11 29 1
15 1 29 0
16 11 29 0
11 3 30 1
39 11 30 0
31 8 31 1
4 11 31 1
30 7 31 1
67 1 31 1
56 11 31 1
8 7 31 1
52 11 32 0
38 11 33 1
53 7 34 0
10 11 34 0
37 7 34 1
51 7 34 1
12 11 34 0
29 8 34 1
19 8 36 1
11 7 36 1
53 7 36 1
36 11 36 0
13 11 37 0
42 7 37 0
18 8 38 1
14 11 38 0
60 11 38 0
44 11 38 0
19 7 38 0
30 11 38 0
48 11 38 0
50 11 39 1
7 7 39 1
17 8 39 1
42 7 39 1
49 7 39 0
22 8 40 1
26 7 40 1
6 11 40 1
38 7 40 1
42 8 40 1
66 11 40 0
13 11 40 0
51 1 40 0
36 11 40 1
16 9 41 1
48 11 41 0
45 7 41 1
3 8 42 1
51 11 42 1
2 11 42 0
60 11 42 0
62 11 43 0
55 7 43 0
49 7 43 0
55 1 43 1
55 7 44 1
19 7 44 0
44 11 44 0
60 11 44 1
48 11 44 0
17 11 44 1
23 7 44 1
47 11 44 0
34 8 45 1
58 11 45 0
51 1 45 1
62 11 45 0
62 11 45 1
58 11 46 1
12 11 46 0
10 11 46 0
39 11 47 0
14 11 47 0
31 11 47 1
23 11 47 0
2 11 48 0
12 11 48 1
44 11 48 0
49 7 48 1
42 11 48 0
30 11 49 0
66 11 49 0
59 8 49 1
19 7 50 0
42 11 50 0
10 11 50 1
50 9 50 1
2 10 50 1
5 11 51 0
14 11 51 1
23 11 51 1
29 3 52 1
3 11 52 1
34 11 52 1
18 11 52 1
8 11 52 1
37 11 52 0
61 11 53 0
42 11 53 0
54 11 53 0
7 11 53 1
27 3 54 0
47 11 54 0
20 11 55 0
26 8 55 1
47 7 55 0
59 11 55 0
6 8 55 1
24 11 56 0
12 7 56 0
48 11 56 0
41 11 56 0
54 11 56 0
22 11 56 0
59 11 56 0
12 7 56 1
3 10 56 1
5 11 57 1
61 11 57 0
37 11 58 0
19 7 58 1
66 11 58 0
62 7 58 0
67 7 58 1
2 3 59 1
36 8 59 0
42 11 59 1
30 11 59 1
39 3 60 1
62 7 60 1
31 9 60 1
14 7 61 0
24 11 61 0
23 9 62 1
66 11 62 0
16 5 62 1
47 11 62 0
48 11 63 0
41 11 63 1
39 11 64 0
26 11 64 1
21 9 64 1
40 8 64 1
9 11 64 0
53 11 64 1
61 11 64 0
36 8 64 0
20 11 65 0
39 11 65 0
48 11 66 0
14 7 66 0
60 8 67 1
47 7 67 1
59 11 68 0
65 11 68 0
22 11 68 1
52 8 69 1
39 11 69 1
35 8 70 1
19 11 70 0
27 3 71 0
14 7 71 0
20 11 71 1
9 11 71 1
40 11 71 0
61 11 72 1
16 11 72 1
45 7 72 0
45 11 72 1
66 7 73 0
54 11 73 1
14 7 74 0
23 3 75 1
21 3 75 1
3 3 75 1
2 11 75 1
25 8 75 1
13 11 76 1
9 7 76 1
37 8 77 0
50 3 77 1
66 7 78 0
24 11 78 0
59 11 78 0
20 7 78 0
40 11 78 1
11 8 79 1
27 8 80 1
39 8 80 0
48 7 81 0
5 8 81 1
48 7 82 1
7 8 83 1
55 11 83 0
65 11 84 0
55 11 84 0
52 11 84 0
63 11 85 1
55 11 85 0
52 11 86 0
56 8 86 1
39 8 86 0
11 11 88 0
55 11 89 0
27 3 89 1
51 8 90 1
1 3 91 0
20 7 91 0
66 7 91 0
49 7 92 0
49 11 92 0
52 11 92 1
11 11 92 1
59 11 93 1
39 8 93 0
1 3 93 0
37 11 93 1
22 9 95 1
55 11 95 1
66 7 95 1
27 11 95 0
19 9 96 0
1 3 96 0
61 7 97 1
4 8 97 0
27 11 97 0
41 7 98 0
65 11 99 1
25 7 100 1
24 11 100 0
44 11 102 1
41 7 102 1
16 3 103 1
43 1 103 0
27 9 103 1
27 11 105 0
4 8 106 1
57 8 106 1
1 3 106 0
37 8 106 0
36 8 108 1
29 2 108 0
43 1 108 0
39 8 108 1
26 9 108 1
46 11 110 1
27 11 110 1
2 5 111 1
1 7 111 0
43 1 111 0
62 3 112 1
49 11 115 0
24 11 116 0
11 9 117 1
1 7 117 1
21 4 117 0
25 11 118 0
43 7 118 0
34 3 118 0
43 7 119 0
14 8 121 1
24 11 121 0
54 8 122 1
12 8 122 0
24 11 122 0
30 8 122 1
65 7 123 1
43 7 124 0
12 8 125 1
47 9 128 0
45 8 129 1
21 4 130 1
14 7 130 0
35 9 131 1
1 8 132 0
3 3 132 0
13 3 134 0
53 8 134 1
29 2 135 1
25 11 136 0
4 9 137 1
3 5 138 1
1 8 143 0
43 11 144 0
47 11 147 0
16 2 147 0
47 11 148 1
31 10 149 1
34 3 151 1
19 11 151 0
27 5 152 0
2 4 153 1
25 11 154 1
16 2 155 0
7 3 157 0
8 8 157 0
49 11 159 0
31 3 161 0
19 11 161 1
66 11 163 1
5 9 163 1
37 8 165 1
31 3 166 0
7 3 166 0
63 7 167 0
14 7 168 0
8 8 169 0
16 10 169 1
14 7 170 0
33 11 171 0
7 3 171 0
1 3 171 1
33 11 171 0
33 11 174 0
1 8 174 1
9 8 175 1
62 8 175 0
62 8 175 1
33 11 175 0
10 6 179 0
14 7 179 0
39 6 180 0
20 8 182 0
14 7 182 1
49 11 183 1
24 11 184 0
22 10 184 1
21 6 184 0
23 10 184 1
8 8 185 1
48 8 187 0
16 2 188 0
1 11 188 0
31 3 189 0
47 9 192 0
1 11 193 0
21 5 193 0
24 11 194 0
31 3 194 0
20 8 194 0
24 11 196 1
16 2 197 1
13 3 197 0
31 3 198 0
33 11 198 0
67 11 199 0
27 10 199 1
20 8 200 0
24 11 200 0
13 3 201 0
67 11 201 0
2 6 201 0
67 11 204 0
48 11 204 0
21 10 205 1
43 11 207 1
27 5 207 0
20 7 208 0
35 3 208 0
39 5 208 0
24 11 208 0
11 10 209 1
44 11 209 0
33 11 209 0
42 9 209 0
40 9 211 1
35 3 212 0
38 8 212 1
42 9 213 0
12 9 214 0
30 9 215 1
47 9 216 0
24 11 218 0
20 7 218 0
67 11 219 0
1 11 219 0
39 5 219 1
20 7 220 0
24 7 221 0
20 7 222 0
12 9 222 0
13 3 223 0
27 5 223 1
67 11 223 0
35 3 224 0
24 7 224 0
20 7 225 0
67 11 226 1
12 9 226 0
1 11 227 0
46 7 227 1
30 3 230 0
24 7 230 0
47 9 230 0
39 4 230 1
48 11 230 0
4 5 231 0
50 5 232 1
44 8 232 1
48 11 233 0
30 3 233 1
1 11 233 1
48 11 233 0
26 3 234 0
35 3 235 0
48 11 236 0
2 6 237 0
35 3 238 1
48 11 238 0
39 4 238 1
66 8 240 1
13 3 241 0
12 9 242 0
29 10 242 1
26 10 246 1
31 5 249 0
57 3 250 0
48 11 250 1
35 10 250 1
47 8 252 1
48 8 253 0
3 4 253 1
29 4 254 0
4 3 254 1
58 8 255 0
61 8 255 0
26 3 256 1
61 8 256 0
33 11 256 0
20 9 257 0
47 9 258 1
10 8 258 1
61 8 259 0
23 5 260 0
2 2 261 0
13 3 263 1
33 11 263 0
29 4 263 0
57 3 264 0
58 8 266 0
18 3 266 0
58 8 267 0
29 4 268 0
31 3 268 1
48 8 269 0
18 3 269 0
48 8 270 0
21 2 270 0
63 7 270 0
21 2 270 0
50 10 270 0
50 10 270 0
50 10 270 0
50 10 270 0
50 10 270 0
50 10 270 0
50 10 270 0
50 10 270 0
50 10 270 0
50 10 270 0
50 10 270 0
18 10 271 1
23 5 271 0
19 9 271 1
58 8 272 0
63 7 273 1
48 8 273 0
58 8 273 0
20 9 274 0
19 6 274 0
19 6 276 0
21 2 276 0
15 1 276 1
15 7 278 1
48 8 278 0
61 8 278 0
18 3 279 0
61 8 280 0
24 7 280 0
58 8 280 0
20 7 282 0
48 8 283 0
21 2 283 1
34 9 283 1
20 7 284 0
58 8 284 0
48 8 284 0
20 7 284 0
20 7 286 0
57 3 286 0
17 3 287 1
39 6 287 0
48 8 287 0
53 9 287 0
61 8 288 0
48 8 289 0
20 1 289 1
29 9 290 0
29 9 290 0
29 9 290 0
29 9 290 0
29 9 290 0
29 9 290 0
29 9 290 0
29 9 290 0
29 9 290 1
10 10 290 0
2 6 290 0
61 8 290 0
2 6 290 0
24 7 290 1
39 6 292 0
48 8 292 0
18 3 292 0
61 8 293 0
15 11 295 0
57 9 295 0
31 5 296 0
39 6 296 0
2 2 296 0
67 8 296 0
49 8 296 0
37 3 296 0
61 8 296 0
39 6 297 0
12 9 297 0
61 8 297 0
29 5 298 0
37 3 298 1
37 3 299 1
57 3 299 0
20 7 299 0
3 6 299 1
43 8 299 0
37 3 299 1
15 11 299 0
23 5 299 0
22 5 299 0
12 9 299 0
20 7 299 0
57 3 299 0
21 2 299 0
50 10 299 1
