300
31 151 246 241 213 169 254 274 222 218 252 245 186 220 182 259 285 207 295 156 282 223 243 270 183 276 227 155 228 251 215 197
31 152 159 185 232 289 215 181 262 195 201 193 199 234 290 261 295 292 256 269 230 235 263 279 204 197 296 190 239 300 170 223
31 153 269 166 168 185 297 235 155 205 285 255 289 251 291 276 173 263 201 178 219 160 202 296 196 254 292 279 181 241 204 167
31 154 220 173 207 278 155 262 206 151 175 271 299 229 270 238 256 296 281 172 297 169 251 298 257 241 268 265 176 198 266 224
31 155 294 172 265 279 277 293 249 202 226 200 206 281 235 271 280 232 223 287 177 185 268 288 173 248 252 261 213 151 222 166
31 156 185 209 244 251 205 295 187 199 166 186 291 242 200 172 151 261 206 207 282 170 155 278 217 195 279 181 197 180 230 284
31 157 297 222 211 246 188 300 284 239 207 280 254 292 202 226 204 173 291 265 216 299 283 255 238 253 245 285 174 175 233 205
31 158 159 237 247 212 153 222 300 263 162 279 269 268 284 260 223 161 165 201 209 207 273 197 176 217 246 175 188 199 257 282
31 159 187 268 300 243 169 285 201 200 274 240 165 254 179 266 245 168 210 170 219 271 278 166 181 299 152 205 290 270 273 192
31 160 282 240 299 267 175 251 205 183 300 217 291 275 274 265 208 168 244 176 271 246 200 164 212 229 204 280 257 289 276 288
31 161 172 264 283 253 217 258 156 199 291 299 268 297 164 222 194 247 203 174 186 210 290 269 289 285 189 170 204 220 298 183
31 162 274 239 180 289 300 228 198 261 262 172 272 247 258 156 168 277 230 268 290 187 264 155 202 267 176 201 284 265 246 211
31 163 257 219 237 172 281 158 240 212 246 193 289 296 199 182 177 203 165 189 253 225 213 272 226 230 187 264 243 300 278 167
31 164 251 203 250 260 275 274 183 268 176 292 229 248 212 190 276 222 291 278 214 205 232 161 225 256 226 175 240 223 151 224
31 165 187 197 181 288 180 286 153 160 211 158 242 209 183 169 275 252 271 205 262 258 249 151 285 161 225 215 233 244 176 274
31 166 153 264 254 248 273 236 255 207 278 160 179 239 243 242 284 261 247 270 217 204 161 184 219 223 251 250 152 228 287 279
31 167 295 277 161 180 268 186 246 196 197 231 280 223 192 264 274 163 214 176 289 222 212 272 284 218 237 249 179 202 230 189
31 168 213 217 259 230 163 236 277 275 269 260 267 252 184 295 215 182 271 186 158 262 216 288 220 286 203 218 151 270 299 227
31 169 205 299 190 252 246 214 196 182 272 277 198 177 170 229 202 221 251 180 151 208 267 262 276 238 172 298 174 179 297 237
31 170 288 226 192 176 151 221 268 167 180 230 289 190 213 224 184 207 181 298 292 157 227 237 164 193 236 205 189 217 266 271
31 171 162 223 191 261 192 180 250 164 257 266 213 229 239 231 197 169 198 258 282 206 215 190 289 177 278 228 154 263 259 251
31 172 261 207 280 299 282 205 177 275 240 273 176 219 254 212 245 248 202 187 154 162 287 216 151 263 259 199 293 266 194 227
31 173 245 284 263 224 276 195 183 272 215 170 158 281 232 206 221 188 175 231 165 205 152 288 172 244 246 200 227 289 163 278
31 174 263 293 206 182 207 216 217 299 215 190 284 211 252 244 155 265 270 288 180 187 227 197 212 273 282 269 185 232 231 195
31 175 181 162 289 250 151 292 219 184 153 228 275 201 152 263 170 237 193 288 186 273 238 205 197 243 156 154 280 217 224 223
31 176 168 158 266 250 231 155 271 200 269 230 220 156 265 232 199 174 295 159 161 247 294 226 209 180 189 243 212 167 228 170
31 177 233 223 189 259 296 202 207 206 240 210 152 278 287 166 271 199 235 293 276 224 279 188 270 151 153 248 203 160 158 204
31 178 180 252 170 287 290 165 230 283 246 266 163 257 296 189 248 245 247 184 215 263 197 274 292 225 168 264 284 205 201 177
31 179 228 240 292 181 200 156 175 193 223 245 214 248 280 196 235 260 174 288 236 274 169 178 272 246 275 206 277 267 184 220
31 180 217 174 161 227 199 239 222 298 257 289 288 193 195 273 211 181 242 183 160 224 293 228 287 236 189 281 256 157 282 238
31 181 278 228 219 163 177 225 214 194 185 262 232 189 296 265 260 287 235 256 204 202 156 152 179 187 212 264 276 209 298 231
31 182 284 257 233 159 266 277 210 263 160 163 171 173 240 224 260 168 295 212 265 236 162 249 199 195 155 216 258 198 174 299
31 183 222 272 203 250 168 238 287 233 264 284 235 281 293 157 165 256 201 268 194 151 195 210 296 216 167 248 231 152 260 280
31 184 268 201 185 296 247 173 253 222 166 171 241 293 191 246 164 287 194 205 264 267 285 207 290 158 295 242 277 294 163 274
31 185 262 209 289 263 206 227 186 178 251 229 219 161 256 291 297 156 162 225 252 222 168 260 199 285 169 258 201 151 230 259
31 186 151 226 198 215 170 252 251 242 229 293 238 262 156 157 234 174 266 236 247 248 223 218 230 246 273 166 182 172 272 285
31 187 258 151 251 205 174 152 264 199 181 196 206 155 163 236 290 217 223 259 261 240 270 247 183 297 243 197 299 275 207 255
31 188 189 196 278 221 158 234 217 236 192 191 194 226 169 184 271 164 228 219 273 286 240 290 218 246 165 245 274 297 264 291
31 189 184 229 274 192 243 235 225 228 223 236 277 152 232 262 176 256 160 265 151 255 261 271 208 206 285 169 224 226 249 167
31 190 160 152 233 283 273 154 269 199 275 226 184 200 198 250 192 300 296 297 267 169 189 243 280 188 292 201 265 287 164 235
31 191 184 199 238 220 292 240 217 167 284 268 241 204 170 270 200 180 228 295 285 289 298 163 248 235 257 159 291 161 278 262
31 192 291 256 172 281 232 268 157 288 296 163 271 269 186 227 238 259 193 216 262 239 234 221 295 182 177 254 155 247 200 181
31 193 208 226 297 300 209 268 205 289 255 280 169 285 194 188 203 223 261 155 210 288 233 290 243 251 199 264 221 229 181 170
31 194 217 151 164 200 253 257 185 231 202 172 294 277 179 222 170 249 176 271 256 237 276 163 167 220 290 268 216 287 275 225
31 195 288 198 253 289 236 282 249 252 265 244 192 162 173 232 188 280 194 268 180 186 199 272 233 159 287 172 255 266 204 279
31 196 271 296 267 162 152 172 199 251 209 227 276 164 246 176 235 254 219 260 182 208 180 200 259 153 284 184 215 193 285 161
31 197 295 161 224 291 154 292 262 165 167 286 271 216 211 192 172 213 189 201 203 297 236 151 296 264 241 183 155 207 254 253
31 198 199 168 274 235 248 299 185 238 215 166 290 221 262 234 217 205 196 246 170 263 192 237 231 204 272 278 155 187 181 275
31 199 197 211 280 278 222 151 236 186 254 261 203 247 243 193 221 277 290 251 195 227 183 249 268 161 270 241 173 293 177 220
31 200 211 276 280 218 228 202 180 270 179 163 183 236 175 274 171 290 167 234 263 232 249 168 226 172 215 256 275 217 271 291
31 201 151 178 200 284 221 205 288 268 271 158 179 282 159 194 154 168 296 300 245 265 290 161 165 238 240 285 274 156 295 235
31 202 209 240 277 163 188 276 173 179 269 182 232 248 192 169 273 156 160 294 194 261 190 241 193 152 181 174 237 234 231 167
31 203 219 300 174 246 291 281 159 218 266 172 161 254 160 264 258 296 234 185 294 183 180 271 262 222 297 287 157 177 176 216
31 204 291 259 180 225 158 249 190 215 234 210 173 181 171 170 168 161 295 233 230 207 257 235 284 241 276 292 248 265 151 216
31 205 260 196 255 262 296 232 227 246 265 223 182 157 283 179 170 224 165 240 167 286 231 158 287 184 297 234 175 276 156 187
31 206 163 173 220 279 226 188 231 276 201 168 180 198 243 174 179 207 281 273 270 227 235 189 169 292 183 282 208 225 253 262
31 207 228 187 278 299 151 286 202 171 284 225 288 185 159 215 275 264 166 293 206 249 234 245 152 268 154 194 176 232 281 263
31 208 237 283 297 228 188 203 217 204 290 218 265 245 212 207 299 202 197 165 168 162 230 171 253 222 252 286 172 258 219 166
31 209 249 180 202 185 269 256 259 287 198 201 177 276 207 266 244 232 236 227 220 234 230 265 281 179 208 238 205 219 229 231
31 210 277 236 173 162 275 155 190 198 163 179 231 247 174 278 269 281 282 182 159 264 177 285 262 244 249 233 289 192 257 193
31 211 255 234 152 252 179 256 164 169 264 287 249 221 154 191 254 228 279 226 292 275 155 294 278 181 178 151 240 268 245 197
31 212 199 163 250 235 183 186 192 173 231 262 247 248 164 275 274 190 205 260 246 255 151 279 216 181 206 293 297 179 261 270
31 213 285 212 200 229 291 216 264 236 218 238 165 297 245 276 299 235 181 274 210 241 179 289 227 205 242 286 298 157 270 277
31 214 283 289 200 178 264 205 196 230 245 229 260 282 173 298 187 274 181 243 166 164 253 250 185 197 278 162 271 259 155 188
31 215 286 214 188 158 223 263 254 208 298 224 300 204 285 296 266 195 154 267 171 259 242 240 164 175 229 269 160 278 279 189
31 216 241 256 253 234 163 287 223 200 268 299 218 194 295 224 186 176 250 259 182 242 248 196 191 291 258 280 243 185 166 263
31 217 179 162 261 283 175 186 183 226 171 197 164 248 285 192 243 224 154 199 293 191 299 240 211 291 214 205 202 256 225 239
31 218 204 229 220 155 295 249 225 167 263 258 199 201 224 240 296 228 157 288 292 226 276 274 293 217 242 267 184 174 154 260
31 219 172 254 178 267 262 174 269 232 192 153 169 266 264 272 158 286 290 215 285 293 190 288 265 226 208 256 280 278 154 257
31 220 179 214 191 256 239 294 298 169 263 210 182 300 267 157 194 222 177 188 292 159 184 288 244 250 215 173 291 252 190 253
31 221 252 223 241 243 263 248 157 270 262 286 272 171 215 297 169 231 175 180 281 273 261 191 177 285 194 249 242 211 205 296
31 222 197 180 248 239 216 265 233 228 278 285 205 294 196 203 160 255 155 272 220 225 204 292 267 279 290 219 212 162 271 177
31 223 157 220 231 178 238 292 262 210 263 291 201 273 207 158 286 259 267 283 190 204 285 208 165 277 254 247 281 186 179 239
31 224 151 160 227 210 222 164 284 211 277 259 191 204 296 182 193 247 198 279 294 266 250 262 156 242 225 298 253 290 254 195
31 225 270 178 168 179 276 229 153 176 272 173 175 256 253 291 239 218 159 157 271 297 190 295 240 198 299 203 207 170 293 277
31 226 213 215 297 175 264 167 151 237 154 254 251 269 161 165 169 211 187 233 163 210 221 244 295 285 203 281 205 293 222 282
31 227 153 292 255 269 159 262 204 180 240 248 178 259 239 258 213 192 176 244 206 156 154 254 208 222 290 207 157 221 173 201
31 228 156 171 199 288 211 153 176 172 220 247 255 275 267 286 200 174 258 216 208 269 259 292 240 177 248 239 257 157 278 280
31 229 240 230 293 167 206 292 173 267 175 272 174 222 209 198 184 183 299 226 244 161 178 271 282 191 208 163 194 199 263 270
31 230 179 227 155 251 203 186 267 237 163 248 238 295 192 177 284 249 298 252 198 187 195 178 225 297 257 283 236 300 197 170
31 231 259 221 251 281 228 173 210 280 194 286 213 232 291 200 269 296 250 230 224 227 216 217 282 172 166 242 153 197 170 188
31 232 174 172 277 235 198 208 300 189 151 271 158 209 216 298 206 188 159 248 265 154 233 166 193 167 244 157 289 228 230 192
31 233 195 178 264 173 276 164 220 300 259 192 200 205 228 285 272 294 209 265 227 215 168 247 282 214 268 219 260 279 204 211
31 234 253 277 196 211 255 180 194 168 279 171 193 236 233 212 155 290 230 183 250 232 278 216 252 237 164 220 269 228 165 231
31 235 156 217 177 261 174 188 193 219 151 183 214 165 282 157 299 194 276 283 284 232 256 222 231 203 296 175 277 259 186 205
31 236 204 173 227 184 300 192 189 160 203 257 197 255 283 238 258 284 158 226 268 247 280 207 196 183 224 241 237 216 259 264
31 237 262 258 300 204 190 272 291 267 173 211 157 260 161 282 254 164 283 266 165 224 275 226 243 220 250 265 219 221 159 279
31 238 281 236 165 227 249 278 166 209 190 263 170 162 185 294 187 251 214 233 172 151 179 270 273 258 276 255 264 201 261 181
31 239 287 263 275 285 272 253 256 181 154 179 280 216 222 183 220 187 229 157 245 252 206 193 294 192 247 201 265 296 224 264
31 240 270 208 228 296 230 156 229 191 152 276 274 200 173 247 264 194 231 151 180 183 189 166 221 286 292 161 202 160 234 169
31 241 296 298 163 172 226 173 158 289 262 294 196 280 195 187 169 234 193 176 284 276 214 258 162 154 224 265 156 285 180 240
31 242 293 188 240 261 289 202 245 212 271 299 164 264 283 171 182 194 284 231 249 215 248 153 163 275 158 198 189 203 168 268
31 243 188 210 177 165 292 208 202 238 264 248 252 227 158 157 281 162 184 213 237 287 219 206 257 253 197 266 284 216 254 173
31 244 274 247 258 202 170 169 279 220 242 171 282 292 168 227 160 275 184 210 225 243 239 172 271 186 166 194 188 214 203 213
31 245 176 235 184 268 174 157 166 240 151 185 191 264 218 168 193 274 160 162 233 261 258 255 243 188 238 167 161 172 276 228
31 246 208 294 231 170 164 207 269 215 271 275 163 235 220 250 191 245 182 280 199 159 205 184 195 226 230 216 285 265 155 204
31 247 152 193 236 207 186 192 174 276 202 226 180 272 156 254 249 250 285 176 263 211 161 251 288 224 216 199 225 162 286 282
31 248 269 159 218 175 300 205 181 229 210 180 235 227 232 280 207 262 201 244 183 234 281 152 208 254 209 225 194 238 261 212
31 249 159 274 194 171 217 199 259 297 186 174 232 235 281 264 166 275 152 185 170 251 286 236 192 257 221 229 245 168 167 219
31 250 165 248 195 203 243 155 285 190 206 221 164 290 299 298 267 183 212 232 278 236 257 169 288 160 214 194 196 170 273 228
31 251 247 259 214 181 217 266 185 255 159 235 201 294 206 175 151 199 232 212 246 289 267 296 179 163 218 280 238 249 253 227
31 252 257 167 175 168 240 218 228 191 275 195 230 278 185 263 264 283 261 259 256 201 204 237 225 299 232 174 281 223 247 295
31 253 181 256 213 160 183 251 178 231 175 266 254 152 283 221 202 211 212 297 276 260 182 233 281 190 187 201 195 164 154 161
31 254 178 246 162 300 263 276 286 158 201 208 292 229 197 238 283 220 200 297 173 236 224 294 237 279 221 281 211 194 275 215
31 255 276 229 181 186 257 173 216 261 250 299 242 254 269 205 277 280 161 293 294 217 268 165 158 155 222 300 220 274 284 252
31 256 197 274 162 168 296 241 278 226 159 172 214 246 221 239 299 187 167 281 225 293 284 247 216 215 295 160 196 220 249 283
31 257 293 215 211 259 157 190 213 254 176 225 196 162 298 158 209 224 178 276 250 204 208 175 214 199 261 272 236 270 246 237
31 258 292 165 193 188 264 285 200 293 240 164 155 223 298 255 291 251 278 236 184 220 235 284 226 160 156 289 151 185 228 283
31 259 212 234 275 167 286 258 164 161 270 291 170 162 156 222 171 172 220 165 223 278 215 193 264 236 151 252 261 154 290 296
31 260 192 222 174 286 173 161 299 184 227 253 294 183 278 155 205 281 290 244 271 282 237 203 178 297 216 248 288 214 179 226
31 261 183 154 185 224 168 215 242 223 162 246 203 166 277 186 193 265 174 206 259 202 253 178 294 285 170 205 291 177 238 192
31 262 248 190 184 197 185 294 243 211 220 272 217 200 230 254 214 226 158 227 189 292 176 271 156 215 280 222 253 206 258 169
31 263 169 229 157 170 185 266 226 267 162 179 300 155 227 177 273 256 244 194 197 252 277 209 186 272 220 297 161 292 284 193
31 264 189 202 284 200 152 159 283 199 232 280 240 168 154 182 300 291 197 272 219 256 265 216 286 238 260 224 220 253 181 191
31 265 247 224 276 174 180 209 171 223 240 262 231 211 192 272 230 176 206 225 249 188 220 187 235 153 284 238 233 195 300 274
31 266 189 284 293 264 226 261 273 286 188 241 179 190 244 285 161 290 228 155 165 240 182 191 168 186 162 230 289 278 164 272
31 267 191 256 249 287 222 250 257 261 183 184 251 268 230 193 262 203 231 240 215 252 213 157 197 233 280 208 237 283 173 181
31 268 197 182 232 289 285 300 167 171 163 298 274 188 196 267 164 187 204 291 175 210 266 271 185 240 233 174 168 286 257 280
31 269 222 196 257 294 251 171 288 246 253 255 225 164 206 228 289 279 299 198 183 189 268 180 152 295 227 175 296 233 282 174
31 270 235 256 259 285 169 262 171 214 258 173 184 297 174 155 177 288 249 233 199 153 281 222 245 284 219 293 205 163 296 175
31 271 264 269 154 282 174 182 187 189 248 213 246 265 205 197 215 240 231 286 171 186 245 172 169 244 224 232 262 170 261 294
31 272 283 271 253 189 284 208 277 228 190 251 196 216 160 206 172 265 214 244 207 299 297 239 188 240 197 289 293 237 164 267
31 273 186 298 159 258 245 193 168 270 204 289 266 164 151 254 223 285 216 279 299 197 257 222 237 226 293 282 291 259 228 251
31 274 153 197 213 173 211 298 256 212 221 167 192 172 292 208 181 196 264 296 245 226 273 222 280 244 230 159 162 215 279 246
31 275 151 172 154 237 246 274 287 235 178 263 300 218 202 248 286 260 213 291 225 279 162 187 264 234 159 270 209 278 266 168
31 276 170 160 263 206 231 267 197 225 153 215 265 236 169 262 180 229 297 217 230 185 191 240 244 177 190 223 270 277 300 216
31 277 172 250 297 156 154 225 243 287 270 244 157 159 246 190 175 200 276 194 153 262 169 211 193 165 218 199 162 221 207 187
31 278 158 238 152 206 248 293 215 172 227 271 188 179 223 292 202 254 205 199 288 235 284 245 291 189 285 275 246 190 264 281
31 279 251 294 206 178 225 266 268 194 288 262 241 250 248 297 174 212 228 244 289 197 278 252 158 180 166 157 296 222 240 195
31 280 187 217 228 169 289 295 152 182 176 267 188 168 212 226 236 184 238 190 269 293 170 250 172 180 207 232 300 165 260 206
31 281 183 201 274 282 168 216 259 206 195 211 244 228 229 271 172 267 205 185 194 163 199 180 230 165 196 154 173 219 241 297
31 282 216 193 250 181 166 206 157 165 280 197 281 190 255 220 261 262 224 235 297 215 246 194 187 186 189 254 253 229 247 226
31 283 212 225 293 195 176 179 264 233 243 202 191 291 161 173 284 170 252 287 267 214 164 216 269 297 237 213 248 236 171 238
31 284 160 249 193 292 255 295 217 199 216 222 202 215 203 232 256 276 213 181 182 172 173 211 297 159 153 152 248 229 209 266
31 285 235 217 161 211 198 197 165 264 272 242 164 193 271 219 225 279 253 153 224 239 160 237 257 180 250 287 178 246 151 236
31 286 155 205 221 255 209 269 152 168 292 259 279 177 231 196 266 265 206 293 167 193 151 288 237 160 165 220 218 215 253 258
31 287 263 294 165 175 293 280 215 198 264 185 295 249 157 180 218 205 154 279 250 184 204 221 300 281 162 232 230 222 155 227
31 288 219 232 187 255 268 161 278 170 184 209 159 189 289 172 225 222 221 254 196 290 298 279 258 244 247 284 233 194 198 217
31 289 185 251 190 151 213 258 215 195 229 296 297 265 286 189 255 178 266 154 228 264 212 205 239 165 278 274 162 169 292 192
31 290 265 256 181 206 294 257 284 234 222 297 239 168 236 203 281 248 224 202 291 163 180 240 162 262 167 212 255 252 193 171
31 291 196 235 202 218 272 158 266 186 297 295 249 222 254 216 209 171 169 231 230 269 276 177 278 264 299 178 191 229 268 219
31 292 219 172 265 202 192 182 272 269 183 236 156 151 177 277 245 169 214 204 253 287 191 230 170 188 238 256 289 197 295 280
31 293 271 225 296 251 242 189 172 253 213 287 234 227 166 187 257 236 224 292 190 229 169 152 216 207 205 167 250 284 280 220
31 294 236 160 211 287 272 155 249 226 252 241 240 180 178 250 171 237 197 289 262 170 156 204 270 218 290 263 233 239 200 161
31 295 281 211 174 287 270 266 225 275 226 292 156 169 195 285 183 282 184 167 298 291 218 176 254 168 235 155 199 231 228 175
31 296 159 291 176 179 227 289 167 178 171 235 280 162 215 223 228 154 218 200 185 272 152 261 295 212 256 283 217 165 221 287
31 297 177 220 184 260 186 166 272 169 210 235 296 294 218 215 274 187 227 163 202 292 257 173 181 207 228 191 179 248 271 283
31 298 233 205 203 267 232 171 173 172 192 243 178 290 244 153 263 229 235 193 255 249 156 207 223 266 159 256 188 268 300 224
31 299 216 224 194 222 179 246 206 217 292 176 180 268 204 297 211 175 161 242 208 215 193 167 276 187 251 257 220 236 184 229
31 300 277 276 211 293 163 298 260 208 253 230 265 229 235 240 241 270 237 223 185 250 269 244 164 184 274 258 236 171 291 210
0
0
0
0
0
0
0
0
0
0
0
0
0
0
0
0
0
0
0
0
0
0
0
0
0
0
0
0
0
0
0
0
0
0
0
0
0
0
0
0
0
0
0
0
0
0
0
0
0
0
0
0
0
0
0
0
0
0
0
0
0
0
0
0
0
0
0
0
0
0
0
0
0
0
0
0
0
0
0
0
0
0
0
0
0
0
0
0
0
0
0
0
0
0
0
0
0
0
0
0
0
0
0
0
0
0
0
0
0
0
0
0
0
0
0
0
0
0
0
0
0
0
0
0
0
0
0
0
0
0
0
0
0
0
0
0
0
0
0
0
0
0
0
0
0
0
0
0
0
0
