300
3 141 255 167
3 172 134 122
3 194 112 281
3 121 149 101
3 215 144 233
3 230 283 191
3 267 141 140
3 115 131 229
3 203 118 286
3 195 154 230
3 259 159 171
3 266 222 271
3 157 260 215
3 235 249 123
3 207 255 276
3 113 172 150
3 221 182 261
3 205 146 141
3 122 260 138
3 219 202 115
3 149 271 196
3 158 130 229
3 282 231 245
3 257 104 206
3 223 285 281
3 148 109 255
3 193 219 124
3 159 220 99
3 109 269 201
3 210 274 111
3 134 258 252
3 133 175 297
3 217 96 283
3 178 255 138
3 106 271 293
3 297 128 110
3 207 240 197
3 248 273 234
3 156 97 101
3 186 251 179
3 216 232 211
3 168 111 247
3 266 196 263
3 239 268 252
3 150 97 193
3 120 157 94
3 215 112 117
3 212 132 283
3 232 134 256
3 246 106 198
3 279 237 145
3 138 174 263
3 256 174 120
3 133 221 201
3 209 264 182
3 113 289 258
3 267 241 276
3 260 209 167
3 167 158 129
3 215 155 205
3 163 148 104
3 265 91 255
3 220 180 178
3 171 214 194
3 202 125 201
3 271 209 279
3 219 237 187
3 104 92 187
3 148 273 238
3 174 133 126
3 134 236 231
3 231 210 161
3 237 250 110
3 240 275 224
3 218 222 103
3 122 242 294
3 103 178 141
3 278 228 246
3 271 177 299
3 165 188 270
3 177 101 165
3 115 224 271
3 153 146 240
3 285 287 130
3 97 174 288
3 139 258 160
3 207 298 130
3 235 112 95
3 94 100 190
3 270 265 175
0
0
0
0
0
0
0
0
0
0
0
0
0
0
0
0
0
0
0
0
0
0
0
0
0
0
0
0
0
0
0
0
0
0
0
0
0
0
0
0
0
0
0
0
0
0
0
0
0
0
0
0
0
0
0
0
0
0
0
0
0
0
0
0
0
0
0
0
0
0
0
0
0
0
0
0
0
0
0
0
0
0
0
0
0
0
0
0
0
0
0
0
0
0
0
0
0
0
0
0
0
0
0
0
0
0
0
0
0
0
0
0
0
0
0
0
0
0
0
0
0
0
0
0
0
0
0
0
0
0
0
0
0
0
0
0
0
0
0
0
0
0
0
0
0
0
0
0
0
0
0
0
0
0
0
0
0
0
0
0
0
0
0
0
0
0
0
0
0
0
0
0
0
0
0
0
0
0
0
0
0
0
0
0
0
0
0
0
0
0
0
0
0
0
0
0
0
0
0
0
0
0
0
0
0
0
0
0
0
0
