300
31 151 194 174 173 260 191 257 232 202 167 176 259 162 279 244 154 187 239 188 179 170 189 199 233 211 193 172 225 181 235 210
31 152 289 229 164 195 185 205 292 216 288 201 184 180 268 199 181 257 182 168 202 157 154 286 190 175 223 179 233 163 215 169
31 153 235 208 218 267 247 206 152 238 181 246 258 191 275 162 225 276 228 201 196 290 215 239 300 229 194 240 236 159 250 285
31 154 199 276 261 164 151 211 296 200 232 213 234 258 272 279 249 220 244 225 231 288 294 292 171 180 178 189 175 202 300 278
31 155 258 275 277 229 270 224 153 259 208 204 269 160 217 176 207 172 228 179 282 167 234 213 206 203 209 189 170 280 225 169
31 156 300 245 267 240 184 238 254 206 268 237 279 271 174 262 218 213 217 205 265 177 216 173 226 294 202 151 185 241 270 246
31 157 206 256 197 187 207 181 188 271 158 219 273 252 161 262 297 232 240 258 212 205 215 298 247 254 160 295 238 190 195 183
31 158 177 180 269 295 189 226 172 250 241 297 178 152 190 249 171 223 193 291 272 207 160 206 229 176 156 258 271 284 270 209
31 159 222 186 173 176 191 183 204 231 243 289 282 224 157 180 151 217 187 265 198 295 203 197 182 206 272 273 193 253 245 249
31 160 167 211 206 253 155 157 199 255 263 209 283 273 166 261 186 286 156 271 298 244 218 154 272 161 179 181 180 191 248 225
31 161 211 293 186 160 157 248 223 272 262 156 278 215 290 258 289 232 242 276 287 264 238 298 257 295 250 230 275 181 246 192
31 162 298 292 186 253 231 232 223 281 243 210 185 249 272 235 203 276 206 158 190 250 166 233 229 188 295 288 159 215 270 216
31 163 165 194 170 206 176 274 290 215 280 177 190 272 241 275 252 216 257 217 173 155 261 199 218 294 262 205 187 213 168 240
31 164 280 208 196 263 161 275 229 180 240 232 207 153 237 215 182 272 281 291 188 186 218 242 183 184 170 198 193 254 191 289
31 165 250 190 273 258 178 171 245 174 191 210 278 289 211 161 233 176 202 213 209 241 297 206 236 272 254 184 283 279 230 257
31 166 244 250 221 151 183 263 188 189 255 270 165 176 298 258 282 199 247 290 186 231 273 276 152 218 215 163 246 205 283 288
31 167 156 176 249 288 258 279 283 175 273 232 263 213 182 191 217 183 188 269 152 257 264 223 299 281 266 239 262 162 209 200
31 168 238 294 233 160 208 231 162 251 285 232 156 255 270 246 296 264 201 212 191 248 171 261 245 226 259 252 209 157 272 284
31 169 286 257 290 156 180 222 299 232 266 284 272 267 188 161 220 288 219 215 262 218 199 239 195 225 229 164 176 196 256 191
31 170 233 187 293 207 220 194 242 269 157 156 229 219 163 200 158 160 256 291 202 239 284 265 275 198 214 292 285 240 159 162
31 171 159 244 154 193 300 292 153 245 182 246 209 243 286 289 228 200 173 174 180 240 232 181 248 280 185 196 242 188 172 187
31 172 165 205 206 153 192 261 229 215 174 175 156 188 284 285 242 299 300 271 290 171 249 281 170 232 158 162 235 294 298 204
31 173 222 298 168 156 167 220 251 190 235 283 219 209 228 238 189 151 186 266 162 178 296 245 217 291 252 197 290 175 249 273
31 174 251 175 261 224 295 241 240 194 154 152 289 260 273 201 282 246 211 292 279 264 229 204 234 207 164 258 237 276 213 209
31 175 245 151 170 258 180 197 207 277 250 289 155 261 176 178 162 229 256 164 290 286 285 278 233 299 165 157 259 295 227 184
31 176 216 175 201 274 167 264 240 268 275 297 246 173 260 178 292 298 182 270 269 190 159 265 250 211 220 227 255 180 262 258
31 177 278 240 155 189 260 219 291 212 227 215 164 200 261 184 292 166 210 288 248 253 208 174 213 269 187 274 289 237 255 281
31 178 153 249 152 237 268 297 179 182 208 278 183 232 235 199 271 285 262 256 294 264 221 242 180 212 189 273 200 267 261 197
31 179 300 176 172 175 250 195 164 161 280 292 255 171 181 234 238 291 231 239 299 236 228 254 190 249 191 253 207 297 155 203
31 180 295 236 215 245 202 293 258 161 195 288 175 260 242 199 210 299 261 183 172 162 272 163 282 221 164 259 226 179 248 223
31 181 247 277 189 228 198 156 222 182 297 180 263 283 265 289 236 172 212 279 291 230 248 218 167 280 260 294 201 232 176 241
31 182 274 231 278 234 223 269 217 299 237 179 220 264 296 288 253 294 169 180 160 163 192 252 164 275 287 226 212 198 246 174
31 183 179 188 199 169 288 275 236 248 268 203 212 170 291 232 158 269 292 209 200 171 177 231 225 251 246 293 254 235 210 233
31 184 154 268 229 224 200 250 299 231 232 266 215 190 204 253 180 293 296 256 262 158 183 194 208 239 159 244 168 249 275 267
31 185 263 249 156 189 251 187 202 268 162 207 213 296 166 270 232 292 197 243 181 221 154 206 250 237 256 211 172 238 271 152
31 186 215 223 224 201 292 258 170 266 187 222 270 153 243 269 212 261 176 208 207 185 235 272 180 216 250 231 181 273 221 284
31 187 179 246 226 158 181 256 157 234 279 198 161 160 163 240 281 205 284 258 222 253 282 176 204 188 215 151 236 175 267 165
31 188 270 182 207 204 249 257 189 206 151 266 262 203 232 248 273 170 255 254 168 238 296 223 287 159 283 167 179 297 209 197
31 189 234 278 195 236 262 233 276 223 183 282 240 212 188 155 168 268 172 175 292 245 200 293 285 237 227 238 193 192 218 267
31 190 232 177 226 261 284 234 168 278 197 170 195 161 285 276 208 181 267 222 207 231 187 201 200 169 246 155 218 279 286 184
31 191 263 267 177 242 249 192 167 188 217 164 206 273 235 233 161 240 213 171 274 229 168 294 212 264 266 272 288 223 178 208
31 192 250 163 273 266 164 177 225 219 203 276 224 201 275 296 255 173 293 159 216 294 204 206 295 207 160 246 233 272 165 278
31 193 160 199 182 183 288 276 298 290 175 280 251 272 259 209 173 271 247 225 253 165 252 215 189 204 283 226 166 234 216 240
31 194 200 226 276 159 239 218 195 204 191 273 246 175 156 296 215 282 214 188 286 196 242 199 192 262 163 208 216 228 260 166
31 195 184 170 228 274 159 267 254 198 241 205 237 279 264 257 260 288 175 292 284 153 152 235 177 231 236 249 173 290 163 299
31 196 295 173 247 220 161 209 285 286 266 237 259 263 300 181 168 240 219 199 185 284 236 197 170 193 215 280 250 272 162 198
31 197 165 201 185 187 233 269 243 168 167 216 224 180 297 227 276 265 277 255 271 289 254 284 184 225 247 179 295 207 299 169
31 198 240 263 267 268 253 224 187 236 194 217 157 220 235 230 218 225 270 197 287 163 183 158 213 285 178 156 170 169 190 233
31 199 173 249 155 183 271 192 270 206 235 297 174 300 287 163 224 293 239 269 250 290 172 226 275 193 295 229 215 162 164 184
31 200 297 244 221 194 201 209 233 242 203 268 274 162 222 291 287 174 280 266 248 296 283 277 234 175 260 254 237 157 288 272
31 201 192 205 259 262 298 281 288 256 196 244 230 290 263 271 223 151 203 228 204 219 216 257 160 181 246 202 213 184 164 235
31 202 212 289 277 219 273 222 267 165 245 290 281 216 203 210 176 171 297 151 282 251 184 180 266 166 262 169 238 250 177 199
31 203 259 170 164 222 255 179 285 177 159 189 185 218 190 284 210 265 205 187 287 293 154 288 256 233 186 223 268 200 260 181
31 204 294 153 292 230 205 160 199 278 200 224 193 163 264 196 209 271 258 253 178 276 241 214 170 260 249 257 166 231 221 223
31 205 194 297 185 260 155 187 278 268 165 199 236 193 267 206 181 214 250 160 176 189 277 237 230 228 256 286 168 183 287 284
31 206 200 221 189 197 293 266 245 239 296 249 252 191 181 253 255 287 175 289 229 214 187 215 269 294 224 151 222 286 272 298
31 207 198 155 213 278 280 197 205 208 230 224 260 272 178 212 175 159 151 226 271 176 241 196 259 242 185 292 221 279 267 181
31 208 300 229 290 264 216 183 200 260 177 231 155 221 295 288 269 238 282 268 211 266 281 192 227 191 186 262 280 261 270 299
31 209 265 184 269 220 285 179 249 153 294 160 266 186 215 283 217 295 234 191 181 227 242 297 243 152 286 154 250 156 168 182
31 210 246 291 190 217 170 247 152 283 276 211 220 169 285 286 256 218 253 284 226 192 202 248 225 231 245 240 267 279 232 260
31 211 249 229 221 212 263 215 153 210 155 288 213 252 204 266 280 184 187 234 230 250 174 225 217 181 277 167 183 295 282 201
31 212 244 272 256 277 213 216 248 240 243 163 155 159 258 279 158 290 282 161 249 286 169 154 300 206 253 170 255 266 207 157
31 213 218 272 187 199 154 177 275 247 237 161 227 236 276 290 232 197 249 214 239 174 294 216 171 250 209 220 166 271 160 234
31 214 178 246 153 286 211 166 289 222 231 192 209 210 263 170 259 242 260 285 256 266 228 253 154 300 169 276 279 297 187 269
31 215 229 254 250 265 190 176 282 232 243 210 273 198 274 168 253 240 197 297 226 296 165 209 284 221 228 187 258 220 256 239
31 216 224 273 200 159 240 294 194 256 193 169 293 247 278 255 250 235 214 192 163 164 257 151 183 238 265 290 208 173 286 239
31 217 207 157 247 208 272 196 172 242 252 223 269 229 163 189 218 231 186 243 280 266 216 291 294 245 194 181 289 159 249 284
31 218 265 252 168 156 231 208 272 212 259 237 276 226 296 180 258 222 269 207 186 229 176 260 271 262 195 251 267 165 297 255
31 219 211 238 297 176 258 215 275 239 209 252 172 162 185 248 161 293 255 272 184 183 197 199 222 259 218 283 299 174 168 276
31 220 297 261 215 236 264 187 180 260 280 193 209 285 241 298 168 239 171 211 181 174 189 237 183 282 169 295 230 278 225 202
31 221 193 222 257 192 154 274 202 271 281 156 153 286 291 175 262 288 159 168 292 162 285 170 284 161 229 270 178 243 289 238
31 222 161 160 293 296 295 180 233 268 188 261 263 174 186 254 185 208 265 231 234 275 258 228 272 162 219 210 156 279 198 229
31 223 289 238 282 182 231 186 265 251 226 239 176 204 166 274 192 229 160 210 298 255 250 214 155 267 217 237 171 209 261 253
31 224 198 299 275 168 228 296 202 257 203 261 213 263 152 293 290 243 231 219 241 214 273 165 229 274 206 176 151 278 284 250
31 225 292 234 155 222 244 166 156 236 279 226 173 208 151 200 285 246 248 202 255 223 204 186 177 252 198 288 180 178 193 297
31 226 151 218 237 295 175 258 273 254 282 195 277 280 165 276 203 214 223 238 156 188 265 292 291 288 160 192 266 180 166 182
31 227 258 156 202 260 285 185 183 206 215 268 245 251 246 292 229 218 174 172 187 284 250 197 280 271 208 211 263 287 278 247
31 228 292 282 167 270 237 298 236 242 227 225 262 297 203 152 213 198 283 258 181 278 276 295 240 157 290 279 202 296 273 232
31 229 193 221 175 188 288 228 238 171 267 163 181 278 249 178 274 217 270 286 197 284 167 276 192 213 251 240 234 203 215 152
31 230 251 199 215 286 273 267 198 170 256 227 255 259 178 213 196 299 288 287 228 300 278 242 204 218 245 269 212 208 229 158
31 231 194 222 240 202 242 228 171 223 274 213 246 166 234 235 300 218 296 195 265 247 264 260 230 175 276 173 170 180 211 206
31 232 242 244 176 204 267 153 275 227 269 248 239 290 201 258 268 221 167 179 236 198 174 180 163 271 252 181 284 253 164 195
31 233 151 214 256 231 196 198 189 298 249 167 211 290 270 229 259 204 266 157 286 153 300 176 168 267 193 212 183 295 155 261
31 234 172 274 297 169 262 153 228 233 242 298 162 257 209 284 268 286 236 175 181 194 155 154 195 199 241 252 287 244 174 177
31 235 286 273 234 207 280 272 298 190 192 276 250 213 216 275 282 201 180 246 245 295 179 296 299 171 229 287 165 252 152 208
31 236 196 274 242 262 219 264 182 223 227 254 266 153 282 157 207 164 294 255 211 170 174 288 229 202 300 173 286 293 272 188
31 237 189 184 168 210 245 228 243 262 216 202 255 208 170 244 286 277 154 204 206 164 242 156 226 181 174 258 266 295 287 200
31 238 266 253 284 168 196 221 177 298 272 277 295 255 244 247 299 209 254 263 156 204 262 283 157 225 186 175 218 268 161 275
31 239 287 201 165 289 241 205 184 253 283 198 216 151 299 268 285 177 234 286 186 257 180 193 194 230 215 164 256 190 243 156
31 240 247 197 204 179 175 194 178 160 222 242 171 268 159 182 248 261 246 165 190 227 188 243 270 272 170 288 207 245 192 238
31 241 161 244 223 236 265 238 251 235 204 216 156 160 214 200 290 233 300 173 185 195 169 193 293 202 174 237 289 191 239 225
31 242 191 176 184 202 189 178 159 245 160 266 182 246 226 169 279 233 220 172 276 258 260 251 229 167 281 199 244 170 194 236
31 243 258 281 194 201 250 225 280 154 236 270 165 238 259 248 199 276 178 246 240 226 186 216 158 193 251 235 272 214 197 275
31 244 296 186 273 194 281 173 280 213 224 234 283 191 253 207 160 227 242 154 249 196 218 184 266 179 260 278 193 185 203 165
31 245 293 180 251 205 272 235 238 187 295 168 203 225 185 214 228 278 206 227 276 199 197 255 226 250 209 204 266 280 249 166
31 246 237 260 252 193 170 162 172 176 300 217 287 284 241 161 243 181 231 233 265 200 296 249 187 276 194 218 297 178 201 232
31 247 169 207 182 173 152 180 225 212 252 184 163 280 186 208 297 224 170 264 244 284 203 254 239 242 188 215 153 217 238 258
31 248 295 196 299 177 188 252 191 165 266 260 231 274 241 284 279 201 255 293 296 218 289 275 264 207 208 154 192 156 228 181
31 249 169 158 285 254 181 166 187 188 290 219 267 248 211 241 223 176 275 271 175 206 208 184 257 229 217 273 153 272 194 268
31 250 187 172 289 238 225 300 171 216 288 190 195 231 261 210 280 255 217 157 177 208 163 182 290 291 152 173 256 227 202 161
31 251 243 205 156 206 261 198 212 159 276 293 169 199 253 196 249 221 229 220 168 256 282 295 203 231 248 250 153 194 277 263
31 252 221 186 293 238 211 233 159 286 298 161 242 244 165 205 248 278 266 287 170 196 194 297 162 275 295 155 163 289 265 156
31 253 189 258 172 259 271 152 250 201 158 234 248 166 257 213 163 237 244 188 236 263 268 202 216 279 167 227 155 179 165 299
31 254 212 258 266 297 248 222 233 227 262 180 219 249 223 292 196 197 191 240 168 186 260 235 226 270 293 232 157 255 205 298
31 255 184 207 292 224 159 172 183 192 178 249 242 262 163 196 259 153 272 221 219 295 270 217 157 212 250 247 216 230 294 191
31 256 197 282 164 296 159 258 187 229 294 157 244 299 224 252 226 281 250 174 280 298 243 257 180 184 210 199 196 292 288 165
31 257 219 190 180 251 267 297 277 290 260 299 202 265 176 274 209 154 272 224 157 225 163 292 241 255 221 196 215 281 193 208
31 258 204 223 253 262 254 184 155 243 197 199 278 242 202 251 191 175 286 275 217 296 151 237 264 297 208 200 269 213 257 158
31 259 211 208 225 158 228 258 168 288 212 254 264 186 298 271 230 217 175 251 180 296 267 200 261 292 167 290 199 277 280 188
31 260 154 274 151 232 289 283 282 229 162 182 158 169 300 206 153 205 225 204 195 235 244 290 187 258 271 186 210 191 215 188
31 261 217 200 192 247 164 168 182 156 229 296 163 250 226 258 195 183 201 277 292 227 252 151 193 274 212 190 243 198 268 231
31 262 158 259 271 178 253 254 244 208 284 229 261 226 228 212 206 240 236 251 283 289 214 196 221 227 264 205 216 188 241 195
31 263 269 276 255 298 231 252 253 203 266 216 171 238 299 178 153 236 228 175 229 279 287 199 174 243 293 223 172 155 162 166
31 264 284 275 163 175 162 245 174 187 200 222 290 190 151 217 255 159 179 272 232 196 300 246 228 268 233 295 274 226 215 291
31 265 298 299 158 253 280 293 207 300 279 206 285 196 174 281 242 237 193 214 277 284 226 232 169 164 151 170 233 183 240 190
31 266 218 272 175 186 236 247 241 171 183 244 269 170 172 242 284 239 216 279 188 273 207 253 243 288 209 267 293 221 211 214
31 267 196 214 170 205 187 299 287 269 160 224 235 272 262 223 219 194 218 260 233 282 231 186 183 226 192 263 191 277 152 279
31 268 278 224 255 271 240 196 244 210 178 272 283 246 229 166 221 253 266 215 267 184 238 179 163 204 185 183 285 197 236 201
31 269 189 256 274 201 232 156 237 169 165 293 203 166 184 212 286 229 172 245 291 240 292 246 158 180 298 230 192 204 182 247
31 270 197 251 189 223 153 219 225 160 262 154 202 199 252 226 200 277 284 152 213 222 244 201 190 171 275 261 166 300 234 221
31 271 287 267 289 232 258 226 151 158 173 167 260 241 280 293 272 157 197 218 191 169 291 294 230 277 224 179 194 269 270 295
31 272 266 257 203 176 216 291 211 270 227 234 158 170 299 185 265 181 260 215 239 162 252 269 285 168 298 160 241 277 195 210
31 273 243 241 182 178 217 163 180 191 298 197 257 290 202 184 192 212 228 235 234 296 271 286 187 255 200 179 189 162 231 152
31 274 196 155 172 170 169 160 268 296 177 299 182 183 241 212 209 178 230 225 300 233 215 211 151 165 238 294 263 250 260 232
31 275 166 252 203 168 296 272 212 300 291 295 238 232 222 161 179 279 154 177 209 263 196 247 239 268 202 246 197 257 290 226
31 276 247 279 154 194 196 180 268 151 294 246 197 233 293 282 273 283 217 291 195 160 215 269 286 168 222 198 250 171 287 285
31 277 186 274 173 204 192 220 162 233 214 195 266 260 211 153 256 159 152 196 231 258 261 169 223 218 228 298 215 241 197 167
31 278 262 271 200 185 294 238 235 220 249 221 183 178 195 158 192 193 230 162 189 163 268 173 229 284 285 156 202 199 275 259
31 279 282 191 216 212 194 291 246 170 224 180 154 265 249 169 238 223 198 257 284 283 205 167 285 203 200 195 189 297 295 266
31 280 195 199 233 300 213 168 162 226 253 180 189 215 252 267 296 192 201 236 232 289 270 179 167 165 225 216 279 261 254 295
31 281 244 272 224 179 209 258 236 189 277 180 160 153 198 293 263 242 225 187 252 231 214 283 185 290 267 246 186 163 215 286
31 282 215 289 260 272 283 204 184 188 224 193 232 284 208 273 214 230 247 274 219 295 243 246 299 278 218 211 242 233 255 157
31 283 261 215 189 152 157 236 272 191 255 280 201 199 227 230 203 161 169 291 213 235 281 234 180 274 170 290 284 224 218 198
31 284 190 184 185 296 294 195 168 293 281 212 155 159 193 215 299 295 183 248 162 179 192 270 209 264 249 272 196 269 286 289
31 285 240 201 166 289 255 189 184 179 205 247 212 196 187 178 284 291 248 295 276 168 154 217 226 194 177 232 273 287 266 293
31 286 230 177 241 271 175 223 289 162 256 186 208 155 238 214 297 281 174 287 199 168 292 246 161 217 290 224 255 274 173 164
31 287 247 278 239 196 224 156 300 179 232 264 257 263 282 167 294 223 227 160 259 248 269 277 189 165 222 155 192 212 200 231
31 288 248 178 215 190 153 223 252 244 239 198 207 293 298 246 151 258 172 299 282 257 169 161 262 243 164 159 273 254 247 203
31 289 296 157 178 152 209 245 199 236 229 247 197 172 254 237 291 160 297 295 238 248 285 242 189 282 203 174 212 218 286 300
31 290 178 285 218 250 209 286 254 259 258 187 273 158 182 299 251 239 152 213 223 227 278 238 295 208 233 160 174 162 201 205
31 291 212 242 189 293 272 151 188 175 186 240 172 154 250 199 217 167 294 259 185 201 192 214 206 245 269 253 193 224 249 227
31 292 160 244 266 213 212 183 299 291 294 283 264 259 175 190 171 159 251 254 237 249 234 268 240 161 176 217 278 179 153 227
31 293 228 247 279 217 205 174 197 211 157 250 169 172 190 198 277 268 298 236 231 204 276 261 185 207 253 151 270 235 218 245
31 294 297 213 205 277 281 239 211 228 222 258 221 246 200 155 164 151 207 173 280 186 282 177 166 231 204 245 259 217 260 172
31 295 212 222 214 168 195 285 182 207 161 220 260 281 268 169 298 292 241 176 226 221 202 197 170 156 235 230 238 177 272 228
31 296 291 176 153 219 253 202 231 233 271 193 288 211 298 161 281 206 159 279 295 248 230 198 223 251 225 216 151 273 160 184
31 297 204 180 257 295 166 182 219 237 205 185 196 186 213 289 281 268 236 159 270 153 151 229 198 265 208 234 252 232 299 192
31 298 163 274 230 240 231 164 228 266 252 253 289 291 181 201 210 234 276 186 247 160 292 285 226 281 177 262 174 199 277 185
31 299 197 286 208 246 240 228 290 191 280 182 169 237 274 267 170 154 261 163 192 296 152 266 288 243 289 281 276 189 185 187
31 300 184 177 264 268 241 215 281 174 288 269 221 191 183 204 172 167 219 203 202 251 186 239 189 193 263 152 213 287 246 232
0
0
0
0
0
0
0
0
0
0
0
0
0
0
0
0
0
0
0
0
0
0
0
0
0
0
0
0
0
0
0
0
0
0
0
0
0
0
0
0
0
0
0
0
0
0
0
0
0
0
0
0
0
0
0
0
0
0
0
0
0
0
0
0
0
0
0
0
0
0
0
0
0
0
0
0
0
0
0
0
0
0
0
0
0
0
0
0
0
0
0
0
0
0
0
0
0
0
0
0
0
0
0
0
0
0
0
0
0
0
0
0
0
0
0
0
0
0
0
0
0
0
0
0
0
0
0
0
0
0
0
0
0
0
0
0
0
0
0
0
0
0
0
0
0
0
0
0
0
0
