300
5 290 94 284 155 214
5 208 224 188 134 123
5 234 222 205 143 293
5 268 214 225 292 203
5 164 171 133 221 110
5 188 291 217 134 102
5 265 259 212 211 96
5 291 216 177 110 117
5 259 105 128 271 214
5 260 212 138 183 188
5 300 273 193 297 225
5 204 232 167 271 136
5 118 215 238 116 213
5 128 210 149 125 195
5 117 245 271 229 121
5 226 269 148 267 112
5 293 295 217 199 234
5 121 143 279 174 137
5 153 282 192 172 156
5 202 276 222 121 116
5 107 115 261 297 230
5 294 98 270 148 203
5 192 230 277 126 98
5 108 117 217 127 164
5 208 133 284 156 209
5 224 143 150 183 212
5 291 243 185 233 226
5 226 195 231 158 270
5 94 224 104 125 138
5 241 177 251 147 178
5 137 262 267 298 125
5 173 262 238 147 199
5 266 121 288 205 91
5 292 133 281 267 94
5 123 195 132 96 191
5 105 225 110 186 211
5 202 167 195 157 286
5 278 194 180 223 183
5 296 209 289 172 234
5 134 151 263 182 218
5 194 261 135 193 166
5 229 288 132 111 147
5 144 262 149 267 187
5 241 178 175 134 162
5 236 113 294 181 241
5 219 156 171 257 187
5 206 93 229 211 176
5 97 153 192 166 172
5 118 147 205 198 109
5 201 298 171 132 134
5 114 274 212 98 166
5 236 204 146 172 300
5 242 236 128 291 127
5 211 289 290 179 180
5 155 287 129 106 188
5 199 249 281 238 276
5 198 168 163 299 289
5 145 260 170 172 236
5 169 120 140 128 239
5 262 206 292 102 167
5 144 265 249 261 170
5 105 126 185 196 297
5 223 98 179 103 241
5 281 176 98 194 91
5 111 275 125 116 208
5 251 174 255 288 257
5 266 112 272 102 146
5 272 275 159 251 209
5 200 206 274 241 147
5 177 143 101 237 112
5 143 234 105 290 216
5 290 144 295 142 196
5 93 293 151 98 110
5 153 188 290 94 284
5 164 297 272 271 291
5 218 187 245 226 110
5 231 199 147 201 294
5 247 181 284 203 285
5 247 142 288 147 141
5 276 136 255 273 286
5 141 209 147 194 278
5 103 115 96 148 95
5 299 264 274 186 283
5 296 143 183 262 97
5 158 95 131 208 105
5 212 182 299 180 272
5 253 280 275 168 220
5 294 216 268 296 106
5 119 264 104 285 190
5 240 219 222 120 113
0
0
0
0
0
0
0
0
0
0
0
0
0
0
0
0
0
0
0
0
0
0
0
0
0
0
0
0
0
0
0
0
0
0
0
0
0
0
0
0
0
0
0
0
0
0
0
0
0
0
0
0
0
0
0
0
0
0
0
0
0
0
0
0
0
0
0
0
0
0
0
0
0
0
0
0
0
0
0
0
0
0
0
0
0
0
0
0
0
0
0
0
0
0
0
0
0
0
0
0
0
0
0
0
0
0
0
0
0
0
0
0
0
0
0
0
0
0
0
0
0
0
0
0
0
0
0
0
0
0
0
0
0
0
0
0
0
0
0
0
0
0
0
0
0
0
0
0
0
0
0
0
0
0
0
0
0
0
0
0
0
0
0
0
0
0
0
0
0
0
0
0
0
0
0
0
0
0
0
0
0
0
0
0
0
0
0
0
0
0
0
0
0
0
0
0
0
0
0
0
0
0
0
0
0
0
0
0
0
0
