300
5 151 202 286 193 254
5 152 174 208 286 212
5 153 193 210 295 247
5 154 285 160 294 190
5 155 196 208 259 215
5 156 296 201 210 203
5 157 197 285 162 291
5 158 232 255 217 174
5 159 198 162 296 237
5 160 175 257 250 233
5 161 228 162 190 263
5 162 300 270 185 252
5 163 275 152 274 219
5 164 157 239 250 258
5 165 271 235 218 275
5 166 175 284 298 154
5 167 238 261 163 181
5 168 228 157 198 174
5 169 203 256 269 171
5 170 297 281 292 155
5 171 205 271 167 174
5 172 238 294 212 193
5 173 172 225 227 254
5 174 238 291 184 252
5 175 289 181 172 201
5 176 226 285 273 200
5 177 195 274 162 226
5 178 215 284 205 288
5 179 275 225 246 241
5 180 210 214 166 300
5 181 158 292 203 276
5 182 248 158 187 153
5 183 254 232 233 214
5 184 287 293 234 288
5 185 292 151 161 238
5 186 244 241 262 227
5 187 255 151 236 300
5 188 283 218 197 185
5 189 279 199 155 234
5 190 213 199 270 160
5 191 199 247 173 249
5 192 188 208 274 261
5 193 257 159 215 249
5 194 234 257 292 260
5 195 284 158 216 232
5 196 216 211 290 204
5 197 210 226 254 281
5 198 296 217 181 249
5 199 270 285 200 268
5 200 264 300 169 296
5 201 197 176 217 271
5 202 241 235 257 156
5 203 157 249 196 246
5 204 242 164 261 160
5 205 230 190 155 196
5 206 202 178 294 240
5 207 200 216 170 277
5 208 274 268 273 209
5 209 196 267 192 210
5 210 238 153 212 233
5 211 174 296 163 190
5 212 152 163 234 173
5 213 198 175 170 252
5 214 285 211 257 260
5 215 264 236 211 206
5 216 197 208 228 161
5 217 152 154 281 299
5 218 176 236 159 247
5 219 218 265 210 167
5 220 204 176 247 261
5 221 261 176 232 238
5 222 188 295 206 187
5 223 208 182 271 159
5 224 254 159 235 199
5 225 198 282 270 167
5 226 177 290 184 231
5 227 269 294 286 256
5 228 229 217 263 195
5 229 168 174 221 169
5 230 211 163 259 159
5 231 163 288 159 265
5 232 202 281 282 274
5 233 208 297 190 238
5 234 184 175 265 213
5 235 251 197 186 211
5 236 287 259 264 300
5 237 172 295 175 162
5 238 235 262 184 259
5 239 194 282 187 262
5 240 151 292 202 199
5 241 176 231 197 245
5 242 256 290 233 210
5 243 257 216 238 288
5 244 242 250 238 187
5 245 279 203 155 242
5 246 284 181 208 238
5 247 155 187 159 157
5 248 274 286 218 241
5 249 244 247 291 293
5 250 174 260 155 235
5 251 206 278 200 265
5 252 247 214 237 265
5 253 210 295 263 274
5 254 159 201 156 205
5 255 285 287 243 272
5 256 224 295 267 167
5 257 262 228 198 251
5 258 204 275 196 273
5 259 227 157 195 198
5 260 269 248 253 155
5 261 154 188 186 299
5 262 224 266 178 274
5 263 152 204 156 180
5 264 262 229 298 189
5 265 272 208 276 195
5 266 209 191 228 212
5 267 196 225 237 249
5 268 252 190 165 286
5 269 183 211 212 172
5 270 180 179 169 211
5 271 255 260 296 161
5 272 289 284 264 298
5 273 298 286 213 241
5 274 172 230 235 231
5 275 176 247 212 165
5 276 201 290 181 211
5 277 268 212 209 198
5 278 259 152 281 192
5 279 164 190 251 171
5 280 166 211 293 215
5 281 239 277 276 243
5 282 285 220 225 238
5 283 262 230 212 205
5 284 279 268 280 202
5 285 199 290 266 286
5 286 170 235 156 274
5 287 215 237 255 270
5 288 172 198 244 300
5 289 247 272 183 252
5 290 160 261 240 246
5 291 215 161 196 231
5 292 272 297 254 151
5 293 239 272 196 154
5 294 238 247 225 277
5 295 184 222 158 187
5 296 291 198 269 182
5 297 255 203 177 216
5 298 278 220 199 287
5 299 276 159 214 272
5 300 172 164 271 284
0
0
0
0
0
0
0
0
0
0
0
0
0
0
0
0
0
0
0
0
0
0
0
0
0
0
0
0
0
0
0
0
0
0
0
0
0
0
0
0
0
0
0
0
0
0
0
0
0
0
0
0
0
0
0
0
0
0
0
0
0
0
0
0
0
0
0
0
0
0
0
0
0
0
0
0
0
0
0
0
0
0
0
0
0
0
0
0
0
0
0
0
0
0
0
0
0
0
0
0
0
0
0
0
0
0
0
0
0
0
0
0
0
0
0
0
0
0
0
0
0
0
0
0
0
0
0
0
0
0
0
0
0
0
0
0
0
0
0
0
0
0
0
0
0
0
0
0
0
0
