300
8 250 112 172 119 277 221 298 160
8 94 131 282 272 225 185 270 233
8 98 181 201 266 245 268 192 270
8 287 168 264 243 104 283 113 228
8 221 170 145 222 196 146 278 119
8 109 236 229 169 150 276 208 204
8 113 105 99 138 206 169 130 294
8 210 281 126 300 299 285 257 102
8 96 163 178 105 93 242 212 243
8 254 221 300 208 108 156 272 202
8 255 276 136 140 184 174 153 241
8 126 268 144 95 182 232 103 157
8 297 230 273 294 115 149 287 123
8 232 262 189 291 123 201 125 299
8 230 168 150 243 95 287 158 109
8 195 108 100 175 190 112 289 131
8 148 199 234 272 215 134 116 178
8 94 129 197 225 118 300 240 262
8 262 139 295 136 112 284 210 195
8 186 213 171 242 94 244 218 196
8 105 142 220 265 208 166 160 190
8 148 211 141 225 170 179 246 199
8 143 216 297 101 112 161 273 200
8 164 293 183 106 250 117 266 206
8 173 189 187 162 278 168 219 282
8 264 149 197 226 204 275 290 266
8 264 119 128 152 291 153 114 277
8 129 128 249 258 233 280 180 224
8 141 112 192 206 220 262 138 115
8 282 112 189 124 254 250 126 257
8 203 129 258 122 246 181 196 280
8 148 292 131 288 162 193 163 134
8 121 180 136 203 93 250 204 97
8 174 234 274 262 102 299 113 105
8 252 122 120 125 287 192 191 138
8 217 225 254 99 187 250 115 299
8 139 247 154 116 278 141 126 185
8 188 227 262 205 276 295 136 134
8 203 158 293 121 188 229 294 280
8 271 249 267 283 190 130 285 99
8 114 116 140 151 171 239 98 99
8 114 132 290 287 112 144 239 267
8 154 164 288 105 199 137 244 99
8 160 180 279 97 282 260 187 116
8 95 165 220 283 192 138 147 294
8 176 266 289 170 180 114 247 226
8 218 260 149 209 105 171 118 266
8 243 169 218 232 272 213 188 227
8 94 232 101 285 128 218 182 244
8 220 182 291 167 101 230 189 155
8 270 205 218 284 208 278 230 262
8 107 224 271 263 184 91 109 99
8 264 227 212 133 286 274 190 216
8 251 258 109 131 169 296 225 92
8 148 210 286 131 140 110 190 108
8 244 285 134 163 173 105 98 124
8 127 295 272 178 241 214 239 246
8 234 123 153 212 277 180 175 152
8 194 256 116 291 130 168 129 274
8 255 144 291 211 298 120 232 174
8 209 229 286 241 282 169 144 118
8 142 126 251 242 132 162 178 186
8 196 191 169 125 209 185 264 100
8 110 211 129 260 233 130 127 187
8 136 143 185 160 120 110 268 210
8 189 99 125 208 159 237 227 121
8 112 262 133 128 100 282 218 196
8 181 288 137 124 236 247 214 132
8 288 283 242 132 186 234 194 296
8 152 300 258 143 273 99 188 190
8 123 226 98 199 134 129 239 271
8 190 91 101 127 183 221 219 187
8 296 183 190 258 224 150 211 242
8 175 109 285 121 270 181 240 238
8 221 99 189 121 125 265 251 260
8 135 226 237 97 106 184 158 224
8 177 101 134 151 189 235 291 179
8 298 132 274 185 110 128 222 183
8 144 169 208 159 113 120 265 182
8 111 141 246 116 157 236 267 132
8 208 266 183 271 196 194 290 238
8 157 173 113 184 200 146 235 284
8 294 192 128 212 270 188 222 276
8 197 193 128 127 284 198 205 203
8 212 217 114 155 246 288 274 289
8 212 149 111 299 201 290 208 244
8 193 242 143 256 180 190 126 189
8 241 176 296 105 292 146 299 127
8 133 220 289 259 209 134 277 149
8 161 155 140 297 94 211 157 162
0
0
0
0
0
0
0
0
0
0
0
0
0
0
0
0
0
0
0
0
0
0
0
0
0
0
0
0
0
0
0
0
0
0
0
0
0
0
0
0
0
0
0
0
0
0
0
0
0
0
0
0
0
0
0
0
0
0
0
0
0
0
0
0
0
0
0
0
0
0
0
0
0
0
0
0
0
0
0
0
0
0
0
0
0
0
0
0
0
0
0
0
0
0
0
0
0
0
0
0
0
0
0
0
0
0
0
0
0
0
0
0
0
0
0
0
0
0
0
0
0
0
0
0
0
0
0
0
0
0
0
0
0
0
0
0
0
0
0
0
0
0
0
0
0
0
0
0
0
0
0
0
0
0
0
0
0
0
0
0
0
0
0
0
0
0
0
0
0
0
0
0
0
0
0
0
0
0
0
0
0
0
0
0
0
0
0
0
0
0
0
0
0
0
0
0
0
0
0
0
0
0
0
0
0
0
0
0
0
0
