300
3 85 244 211
3 258 77 48
3 220 73 187
3 57 204 169
3 104 94 101
3 33 284 37
3 140 120 234
3 289 102 113
3 101 211 40
3 102 271 116
3 82 281 136
3 125 65 121
3 220 32 66
3 211 190 233
3 78 248 61
3 148 59 101
3 64 259 266
3 291 162 277
3 119 200 78
3 81 280 232
3 257 268 146
3 217 133 114
3 232 194 73
3 211 48 255
3 70 63 55
3 198 95 204
3 132 287 36
3 181 165 64
3 110 96 299
3 298 73 252
0
0
0
0
0
0
0
0
0
0
0
0
0
0
0
0
0
0
0
0
0
0
0
0
0
0
0
0
0
0
0
0
0
0
0
0
0
0
0
0
0
0
0
0
0
0
0
0
0
0
0
0
0
0
0
0
0
0
0
0
0
0
0
0
0
0
0
0
0
0
0
0
0
0
0
0
0
0
0
0
0
0
0
0
0
0
0
0
0
0
0
0
0
0
0
0
0
0
0
0
0
0
0
0
0
0
0
0
0
0
0
0
0
0
0
0
0
0
0
0
0
0
0
0
0
0
0
0
0
0
0
0
0
0
0
0
0
0
0
0
0
0
0
0
0
0
0
0
0
0
0
0
0
0
0
0
0
0
0
0
0
0
0
0
0
0
0
0
0
0
0
0
0
0
0
0
0
0
0
0
0
0
0
0
0
0
0
0
0
0
0
0
0
0
0
0
0
0
0
0
0
0
0
0
0
0
0
0
0
0
0
0
0
0
0
0
0
0
0
0
0
0
0
0
0
0
0
0
0
0
0
0
0
0
0
0
0
0
0
0
0
0
0
0
0
0
0
0
0
0
0
0
0
0
0
0
0
0
0
0
0
0
0
0
0
0
0
0
0
0
