160
v 1 3 1
v 1 15 2
h 4 5 1
h 5 5 2
h 6 5 3
h 7 5 4
h 8 5 5
v 1 3 1
v 1 15 2
h 4 5 1
h 5 5 2
h 6 5 3
h 7 5 4
h 8 5 5
v 1 3 1
v 1 15 2
h 4 5 1
h 5 5 2
h 6 5 3
h 7 5 4
h 8 5 5
v 1 3 1
v 1 15 2
h 4 5 1
h 5 5 2
h 6 5 3
h 7 5 4
h 8 5 5
v 1 3 1
v 1 15 2
h 4 5 1
h 5 5 2
h 6 5 3
h 7 5 4
h 8 5 5
v 1 3 1
v 1 15 2
h 4 5 1
h 5 5 2
h 6 5 3
h 7 5 4
h 8 5 5
v 1 3 1
v 1 15 2
h 4 5 1
h 5 5 2
h 6 5 3
h 7 5 4
h 8 5 5
v 1 3 1
v 1 15 2
h 4 5 1
h 5 5 2
h 6 5 3
h 7 5 4
h 8 5 5
v 1 3 1
v 1 15 2
h 4 5 1
h 5 5 2
h 6 5 3
h 7 5 4
h 8 5 5
v 1 3 1
v 1 15 2
h 4 5 1
h 5 5 2
h 6 5 3
h 7 5 4
h 8 5 5
v 1 3 1
v 1 15 2
h 4 5 1
h 5 5 2
h 6 5 3
h 7 5 4
h 8 5 5
v 1 3 1
v 1 15 2
h 4 5 1
h 5 5 2
h 6 5 3
h 7 5 4
h 8 5 5
v 1 3 1
v 1 15 2
h 4 5 1
h 5 5 2
h 6 5 3
h 7 5 4
h 8 5 5
v 1 3 1
v 1 15 2
h 4 5 1
h 5 5 2
h 6 5 3
h 7 5 4
h 8 5 5
v 1 3 1
v 1 15 2
h 4 5 1
h 5 5 2
h 6 5 3
h 7 5 4
h 8 5 5
v 1 3 1
v 1 15 2
h 4 5 1
h 5 5 2
h 6 5 3
h 7 5 4
h 8 5 5
v 1 3 1
v 1 15 2
h 4 5 1
h 5 5 2
h 6 5 3
h 7 5 4
h 8 5 5
v 1 3 1
v 1 15 2
h 4 5 1
h 5 5 2
h 6 5 3
h 7 5 4
h 8 5 5
v 1 3 1
v 1 15 2
h 4 5 1
h 5 5 2
h 6 5 3
h 7 5 4
h 8 5 5
v 1 3 1
v 1 15 2
h 4 5 1
h 5 5 2
h 6 5 3
h 7 5 4
h 8 5 5
v 1 3 1
v 1 15 2
h 4 5 1
h 5 5 2
h 6 5 3
h 7 5 4
h 8 5 5
v 1 3 1
v 1 15 2
h 4 5 1
h 5 5 2
h 6 5 3
h 7 5 4
h 8 5 5
v 1 3 1
v 1 15 2
h 4 5 1
h 5 5 2
h 6 5 3
h 7 5 4
h 8 5 5
v 1 3 1
v 1 15 2
h 4 5 1
h 5 5 2
h 6 5 3
h 7 5 4
h 8 5 5
v 1 3 1
v 1 15 2
h 4 5 1
h 5 5 2
h 6 5 3
h 7 5 4
h 8 5 5
v 1 3 1
v 1 15 2
h 4 5 1
h 5 5 2
h 6 5 3
h 7 5 4
h 8 5 5
v 1 3 1
v 1 15 2
h 4 5 1
h 5 5 2
h 6 5 3
h 7 5 4
h 8 5 5
v 1 3 1
v 1 15 2
h 4 5 1
h 5 5 2
h 6 5 3
h 7 5 4
h 8 5 5
v 1 3 1
v 1 15 2
h 4 5 1
h 5 5 2
h 6 5 3
h 7 5 4
h 8 5 5
v 1 3 1
v 1 15 2
h 4 5 1
h 5 5 2
h 6 5 3
h 7 5 4
h 8 5 5

4
h 1 10 1
h 5 10 2
v 1 10 1
v 5 10 3
4
h 1 4 1
v 2 4 2
h 10 2 2
v 11 2 3

