300
2 151 201
2 152 299
2 153 283
2 154 217
2 155 220
2 156 184
2 157 248
2 158 162
2 159 202
2 160 181
2 161 246
2 162 291
2 163 188
2 164 236
2 165 205
2 166 212
2 167 247
2 168 298
2 169 187
2 170 151
2 171 245
2 172 177
2 173 235
2 174 164
2 175 207
2 176 177
2 177 211
2 178 255
2 179 188
2 180 248
2 181 295
2 182 250
2 183 297
2 184 201
2 185 261
2 186 188
2 187 188
2 188 159
2 189 263
2 190 292
2 191 155
2 192 275
2 193 270
2 194 205
2 195 175
2 196 296
2 197 292
2 198 230
2 199 175
2 200 221
2 201 256
2 202 285
2 203 196
2 204 158
2 205 198
2 206 266
2 207 278
2 208 167
2 209 290
2 210 284
2 211 170
2 212 226
2 213 169
2 214 267
2 215 291
2 216 200
2 217 196
2 218 233
2 219 167
2 220 178
2 221 154
2 222 264
2 223 291
2 224 165
2 225 180
2 226 228
2 227 230
2 228 273
2 229 223
2 230 179
2 231 205
2 232 177
2 233 159
2 234 279
2 235 194
2 236 253
2 237 252
2 238 229
2 239 168
2 240 267
2 241 206
2 242 231
2 243 201
2 244 211
2 245 231
2 246 232
2 247 250
2 248 275
2 249 290
2 250 170
2 251 241
2 252 163
2 253 232
2 254 277
2 255 169
2 256 181
2 257 160
2 258 219
2 259 265
2 260 196
2 261 300
2 262 229
2 263 286
2 264 232
2 265 184
2 266 190
2 267 222
2 268 199
2 269 198
2 270 226
2 271 202
2 272 231
2 273 170
2 274 266
2 275 210
2 276 283
2 277 279
2 278 226
2 279 177
2 280 164
2 281 299
2 282 254
2 283 291
2 284 297
2 285 166
2 286 177
2 287 216
2 288 230
2 289 177
2 290 237
2 291 261
2 292 225
2 293 240
2 294 221
2 295 283
2 296 295
2 297 271
2 298 155
2 299 238
2 300 255
0
0
0
0
0
0
0
0
0
0
0
0
0
0
0
0
0
0
0
0
0
0
0
0
0
0
0
0
0
0
0
0
0
0
0
0
0
0
0
0
0
0
0
0
0
0
0
0
0
0
0
0
0
0
0
0
0
0
0
0
0
0
0
0
0
0
0
0
0
0
0
0
0
0
0
0
0
0
0
0
0
0
0
0
0
0
0
0
0
0
0
0
0
0
0
0
0
0
0
0
0
0
0
0
0
0
0
0
0
0
0
0
0
0
0
0
0
0
0
0
0
0
0
0
0
0
0
0
0
0
0
0
0
0
0
0
0
0
0
0
0
0
0
0
0
0
0
0
0
0
