300
6 267 258 170 298 270 162
6 198 152 162 295 169 226
6 258 212 243 297 255 233
6 163 243 154 214 156 223
6 187 158 258 181 209 299
6 253 295 236 278 250 216
6 191 294 266 222 179 257
6 249 281 169 170 298 216
6 235 274 152 170 200 178
6 240 161 256 273 191 214
6 256 295 261 296 259 287
6 161 271 255 213 294 232
6 293 297 267 215 257 264
6 242 187 167 222 181 223
6 288 291 228 257 174 251
6 275 270 207 169 244 257
6 269 196 156 248 281 198
6 242 267 292 158 171 299
6 152 232 290 225 188 178
6 226 188 266 185 158 180
6 266 252 185 226 274 270
6 259 200 238 160 180 163
6 281 201 254 296 208 253
6 221 288 210 198 163 268
6 233 228 289 178 165 257
6 178 175 191 261 289 296
6 297 272 263 215 242 166
6 267 248 241 269 290 282
6 293 275 203 193 249 284
6 277 255 243 184 273 153
6 261 184 277 220 198 175
6 248 284 187 216 243 210
6 240 193 286 247 187 170
6 293 196 193 286 255 249
6 250 293 224 190 248 259
6 262 233 242 174 227 160
6 164 174 230 262 287 244
6 244 210 203 180 290 220
6 175 151 211 292 251 284
6 258 219 209 274 238 251
6 185 295 281 154 275 158
6 230 251 290 169 170 269
6 232 168 266 212 177 217
6 279 250 166 163 175 259
6 263 259 198 298 163 173
6 158 184 172 236 297 196
6 292 204 173 295 217 236
6 277 222 249 279 169 250
6 247 163 275 249 223 295
6 191 163 237 266 193 213
6 274 178 156 288 239 197
6 224 177 169 298 193 192
6 291 210 168 159 178 170
6 298 283 243 281 157 152
6 254 291 289 290 233 220
6 263 209 191 266 236 237
6 229 163 228 174 268 244
6 170 256 263 196 186 176
6 285 266 275 270 188 177
6 295 252 181 274 168 171
6 159 287 199 215 225 161
6 190 167 183 293 205 232
6 188 186 221 282 230 236
6 292 151 219 212 180 225
6 215 176 297 227 155 282
6 177 283 224 205 178 202
6 267 219 183 285 213 175
6 162 154 218 192 208 188
6 174 293 244 254 221 166
6 219 188 246 286 224 215
6 171 253 284 250 188 166
6 178 203 237 279 270 232
6 229 279 290 213 180 268
6 186 174 203 275 173 245
6 219 178 183 233 260 243
6 281 223 180 218 286 202
6 281 246 299 154 177 167
6 173 192 170 266 238 212
6 158 168 287 246 278 197
6 282 169 227 268 229 284
6 177 188 236 213 293 277
6 269 242 215 247 290 271
6 286 289 218 208 246 151
6 226 178 212 167 255 184
6 171 223 240 297 242 255
6 279 274 227 161 236 193
6 196 193 190 194 189 241
6 253 204 273 166 247 230
6 192 191 250 270 165 196
6 221 265 300 238 262 161
6 256 169 190 279 178 215
6 177 156 211 180 215 258
6 253 300 248 283 197 156
6 164 199 223 292 232 155
6 255 233 263 158 215 185
6 230 227 208 195 254 189
6 212 201 251 277 221 227
6 226 206 228 263 168 199
6 181 218 154 292 288 190
6 162 194 223 229 242 192
6 250 194 157 199 208 267
6 162 151 161 176 198 237
6 171 161 182 250 246 271
6 199 155 267 227 295 180
6 165 245 293 221 249 252
6 168 155 204 244 285 253
6 282 276 215 191 196 152
6 231 241 184 195 280 176
6 275 252 172 272 153 178
6 225 160 276 277 249 205
6 162 205 274 281 283 216
6 230 295 259 281 178 299
6 170 234 286 271 172 239
6 239 284 191 255 168 261
6 204 174 200 252 196 177
6 204 274 216 260 231 245
6 285 180 164 232 250 254
6 219 287 290 294 198 180
6 282 168 227 222 194 243
6 270 210 225 277 237 198
6 189 255 231 210 291 193
6 273 198 177 284 197 238
6 174 205 183 279 168 161
6 227 158 182 197 282 193
6 293 168 165 240 269 225
6 184 204 237 292 283 226
6 237 284 151 295 221 180
6 229 205 164 216 179 264
6 247 162 180 159 290 297
6 153 269 241 280 255 278
6 168 264 184 157 242 253
6 237 187 155 159 254 235
6 283 163 268 151 219 179
6 279 182 163 151 285 200
6 184 218 262 236 239 272
6 175 282 200 195 214 211
6 181 267 209 176 289 240
6 184 299 162 169 218 298
6 166 233 296 209 203 249
6 264 155 199 193 262 163
6 227 203 242 296 267 205
6 284 192 189 279 241 295
6 280 151 229 220 202 170
6 203 151 229 239 185 296
6 226 281 268 172 229 299
6 179 190 282 214 194 250
6 234 253 160 151 254 299
6 151 193 282 202 213 188
6 287 276 263 258 272 180
6 194 159 274 188 195 213
0
0
0
0
0
0
0
0
0
0
0
0
0
0
0
0
0
0
0
0
0
0
0
0
0
0
0
0
0
0
0
0
0
0
0
0
0
0
0
0
0
0
0
0
0
0
0
0
0
0
0
0
0
0
0
0
0
0
0
0
0
0
0
0
0
0
0
0
0
0
0
0
0
0
0
0
0
0
0
0
0
0
0
0
0
0
0
0
0
0
0
0
0
0
0
0
0
0
0
0
0
0
0
0
0
0
0
0
0
0
0
0
0
0
0
0
0
0
0
0
0
0
0
0
0
0
0
0
0
0
0
0
0
0
0
0
0
0
0
0
0
0
0
0
0
0
0
0
0
0
