300
83 2 10 12 17 18 23 32 36 39 40 41 42 46 54 58 64 67 74 75 83 84 95 98 99 102 105 106 111 114 115 117 122 126 127 129 133 135 136 139 141 145 149 152 160 170 172 177 198 199 200 201 206 209 211 217 223 225 226 233 238 239 240 244 249 250 251 252 254 260 263 265 267 268 269 271 272 278 281 283 293 296 297 298
0
0
0
67 10 12 13 18 21 23 32 33 39 40 41 42 46 49 55 64 66 70 75 91 93 96 102 115 122 124 126 127 129 133 134 136 148 157 162 170 172 176 177 183 197 199 200 205 208 209 217 224 225 227 232 238 240 243 247 249 250 251 252 254 257 272 277 288 296 299 300
81 7 10 12 13 15 17 21 32 33 34 39 43 46 49 54 55 58 62 74 75 86 87 91 95 96 99 102 105 106 107 111 114 117 119 124 126 127 132 135 136 142 149 152 166 177 181 182 183 185 187 196 199 205 206 209 212 217 223 224 225 227 229 233 234 239 242 243 252 260 261 263 267 269 271 272 278 286 293 297 298 299
0
75 10 11 12 13 21 23 33 34 36 41 42 46 54 55 58 59 64 66 70 74 75 83 86 99 106 111 114 115 119 122 127 129 133 135 142 145 148 160 164 166 170 172 176 177 183 185 196 198 199 205 212 217 224 225 229 233 234 242 243 248 249 250 252 257 261 268 269 271 272 277 286 288 293 299 300
87 10 11 32 34 40 42 44 54 55 59 62 66 70 74 87 91 93 96 99 102 107 111 114 117 119 124 126 134 135 136 141 144 151 152 160 162 164 170 172 176 177 182 183 185 187 195 196 198 199 200 205 206 208 209 217 218 223 224 226 227 229 232 233 238 239 240 242 243 247 248 249 251 260 261 265 267 268 269 270 271 277 278 286 288 292 297 299
0
0
0
0
72 18 23 33 34 36 39 41 49 59 64 70 74 75 83 86 95 96 99 102 106 114 122 124 126 127 133 139 144 145 148 149 152 160 164 170 172 187 195 196 198 200 201 206 208 209 212 218 223 225 227 234 239 247 250 252 254 257 260 261 263 265 267 269 270 271 277 281 286 292 293 296 300
0
58 17 33 34 41 42 46 49 55 62 70 83 91 98 105 107 111 115 126 144 145 149 152 157 162 164 166 172 176 183 187 199 201 208 211 218 225 226 229 233 234 238 240 243 249 257 261 262 263 265 268 270 272 281 283 288 296 297 298
0
0
70 34 36 40 41 44 54 66 67 70 74 83 91 93 102 107 111 114 115 117 122 124 129 132 133 135 139 141 142 149 162 164 166 170 172 177 182 187 195 200 206 208 209 211 227 232 233 234 239 240 242 243 248 249 250 251 254 262 268 270 271 272 277 281 283 286 292 293 297 298 299
64 21 23 34 40 42 55 58 74 83 86 87 91 93 95 96 99 105 106 107 114 115 117 124 129 133 135 139 141 144 151 162 164 166 176 177 181 183 187 200 208 209 211 217 223 232 238 247 248 250 251 252 254 256 260 263 267 269 271 278 283 288 293 297 299
0
71 32 34 36 39 41 42 49 54 55 58 64 66 67 74 75 84 87 95 96 99 105 111 115 119 122 124 129 135 139 141 144 145 152 160 162 164 166 172 177 182 187 196 208 209 217 224 225 226 232 240 243 247 249 250 251 252 261 268 269 270 271 272 277 278 281 283 286 292 293 296 300
0
72 32 33 34 41 42 43 44 46 54 55 58 59 62 64 70 84 93 96 102 119 124 132 133 134 136 144 149 151 152 162 164 170 177 181 182 195 197 205 206 209 211 212 217 218 224 226 227 229 234 238 239 242 243 244 256 260 262 263 265 268 270 271 272 277 283 286 288 293 296 298 299 300
77 34 39 41 55 59 67 70 74 75 84 91 93 102 105 114 115 117 122 124 126 127 129 133 135 136 141 145 149 151 157 160 164 170 176 177 181 182 183 185 187 195 197 199 200 205 212 217 218 223 232 233 238 239 240 243 244 247 249 250 254 256 257 262 263 265 268 270 271 272 281 283 286 288 297 298 299 300
62 32 36 39 41 42 44 49 55 58 62 64 66 84 86 87 99 102 105 106 107 115 119 122 124 133 136 142 151 157 182 185 197 198 206 209 211 223 224 225 226 238 248 249 251 252 256 257 260 262 263 267 268 269 270 271 272 278 281 293 296 299 300
58 32 33 40 41 42 44 46 54 59 70 84 86 91 93 95 96 98 107 115 124 126 129 132 133 135 136 141 142 145 148 149 151 152 164 170 177 185 187 195 196 198 201 209 211 212 232 234 243 250 251 252 260 262 265 277 296 298 299
75 32 36 39 40 41 44 55 58 59 62 66 67 75 83 84 86 87 91 93 95 96 99 105 106 111 115 119 126 127 132 133 134 136 142 145 151 157 160 166 170 172 176 177 183 187 196 197 198 199 200 201 205 206 212 224 226 227 232 234 240 242 244 247 248 249 251 256 267 269 270 271 277 288 292 298
70 32 39 40 42 43 44 46 59 62 64 66 67 70 74 75 95 96 98 99 106 111 114 115 124 126 127 132 135 144 145 149 152 157 160 166 177 183 185 187 195 196 205 206 208 209 211 224 226 227 229 232 233 239 242 243 249 251 254 257 261 262 263 265 277 288 292 293 297 299 300
69 32 34 39 40 42 43 44 49 59 66 67 70 74 84 86 95 96 99 105 107 111 115 117 126 129 132 133 136 139 142 149 152 157 160 164 170 177 181 182 185 196 197 198 206 208 218 225 226 227 229 232 239 240 242 244 251 256 260 261 262 263 267 270 286 288 293 296 297 298
75 32 34 36 39 42 44 46 49 55 58 59 62 66 70 75 84 86 87 91 93 95 96 98 102 124 126 129 132 139 141 142 145 148 151 157 162 164 170 181 182 183 185 187 195 200 201 205 206 208 212 217 218 224 225 227 238 243 250 251 252 254 257 260 261 262 263 265 267 268 270 271 281 283 297 300
0
0
0
62 36 40 43 44 46 54 55 62 64 66 67 74 84 91 93 95 96 98 99 102 105 107 114 117 122 124 126 129 133 135 136 141 142 145 152 160 164 170 176 177 182 183 185 196 198 208 217 226 240 242 249 252 254 257 260 261 262 265 278 286 293 300
0
64 39 40 44 46 49 55 59 66 70 84 87 91 95 105 115 127 133 134 135 139 141 144 148 149 151 152 157 160 166 172 176 181 182 185 196 200 206 208 209 211 212 223 224 225 232 234 240 242 244 248 251 252 256 260 262 271 272 277 283 286 288 292 297 298
64 40 44 46 54 58 64 67 74 84 86 91 93 98 99 105 115 119 129 132 136 139 145 148 152 162 164 166 172 176 181 182 185 196 199 205 208 209 211 212 217 223 232 233 234 238 239 240 243 247 250 251 262 263 269 270 271 277 286 293 296 297 298 299 300
0
0
0
0
0
0
57 46 55 62 67 87 95 102 107 114 115 122 124 126 133 135 139 141 160 164 166 176 177 182 185 195 197 199 201 208 211 212 217 218 224 225 226 232 238 239 247 250 252 254 257 260 263 268 270 272 277 281 286 288 292 293 298 299
0
63 54 59 62 64 66 86 87 91 95 98 102 105 107 111 114 115 117 119 122 124 127 132 133 135 136 139 144 149 151 170 177 182 183 185 196 197 200 208 209 212 217 223 225 227 229 238 239 242 243 248 250 252 254 257 268 270 281 283 286 292 293 296 299
65 55 58 59 62 64 66 67 70 74 75 83 91 93 96 106 111 114 126 127 132 133 141 142 145 149 151 152 160 162 164 166 170 177 181 182 196 198 200 205 208 212 218 226 227 233 234 240 242 247 249 251 252 254 257 260 261 265 268 270 281 286 292 293 296 297
0
62 70 74 83 84 86 87 95 96 98 99 105 106 107 111 115 117 124 126 127 134 142 144 151 157 164 170 172 183 185 187 197 198 205 206 211 212 224 225 226 229 232 240 242 243 244 248 249 251 252 257 262 263 267 268 272 281 283 286 288 293 296 300
57 64 67 74 84 87 95 96 98 102 111 114 122 129 132 135 136 139 141 144 152 160 162 164 166 170 181 182 185 187 196 197 198 200 206 211 218 223 225 227 232 234 238 242 249 250 251 254 256 262 267 268 271 277 292 293 297 300
56 54 55 59 64 70 84 87 91 95 105 106 107 111 114 117 122 124 127 133 134 136 139 142 144 151 166 181 182 185 197 199 200 205 206 208 209 211 212 225 229 232 238 240 242 254 257 260 263 267 271 272 277 281 292 293 298
61 62 66 70 74 84 91 93 95 98 99 107 111 115 117 124 126 132 136 139 148 151 152 160 164 172 176 177 183 195 197 200 201 205 206 209 211 212 217 218 223 226 227 233 238 239 242 243 244 247 248 250 251 256 257 262 268 270 271 288 292 293
0
0
59 62 67 70 74 75 84 86 99 105 106 111 122 126 129 132 133 134 135 139 141 148 149 152 157 162 166 170 176 181 183 185 196 197 198 201 218 223 225 229 232 233 238 240 243 244 251 252 261 265 269 271 272 278 281 283 292 293 299 300
72 59 66 70 83 84 86 93 96 102 105 106 114 115 117 119 126 127 129 132 133 134 136 139 142 148 160 162 170 172 176 177 181 187 195 196 197 198 201 205 209 224 225 226 229 234 238 239 242 247 248 251 254 256 257 261 262 265 267 268 269 270 271 272 277 278 283 288 293 296 297 298 299
0
0
65 62 67 70 74 75 87 91 93 96 98 102 106 107 122 126 132 133 134 135 136 141 145 148 149 151 152 157 160 170 182 183 187 199 201 205 209 212 217 223 224 226 229 232 238 242 243 244 248 249 250 251 252 256 257 265 268 270 272 277 281 296 297 298 299 300
66 62 66 75 84 86 93 95 96 98 102 105 107 119 124 126 135 136 141 144 145 148 157 160 170 172 176 182 185 187 195 197 198 199 200 201 206 208 211 212 224 226 227 229 238 242 243 244 249 250 254 262 263 265 267 268 271 272 278 283 286 288 296 297 298 299 300
0
65 64 66 75 83 84 87 93 96 99 107 111 115 119 122 127 129 132 133 134 135 136 139 141 144 145 151 160 164 170 176 177 185 187 198 200 201 205 206 208 209 211 223 224 225 226 227 238 240 242 243 247 248 249 262 263 267 268 271 272 277 286 293 296 297 300
0
64 66 67 70 74 84 87 91 93 95 98 102 105 107 111 117 119 124 132 133 135 141 142 145 148 149 162 164 170 172 177 181 182 185 187 195 196 197 208 209 211 218 224 225 229 232 233 234 239 242 251 254 256 263 268 270 271 272 277 281 286 288 292 293 297
0
0
50 70 74 84 91 93 96 107 117 122 124 129 136 141 142 148 152 160 166 172 181 185 187 195 196 197 200 205 206 211 223 226 227 233 234 238 239 242 248 249 252 261 268 269 278 288 292 297 298 299 300
50 74 83 86 95 102 119 122 127 132 136 139 141 142 149 151 152 157 160 181 195 196 197 198 199 205 208 212 217 218 223 224 229 232 233 234 243 244 248 251 262 269 271 272 277 281 292 296 298 299 300
0
68 83 86 95 98 99 102 105 107 114 115 117 119 129 132 133 134 141 148 149 151 164 170 172 176 182 187 195 196 198 199 200 201 206 209 211 217 218 223 225 226 229 232 234 238 239 240 243 244 247 248 249 252 254 256 263 265 267 269 270 277 278 281 283 288 293 297 298 299
60 75 83 84 87 91 93 96 98 99 105 111 117 122 129 135 139 142 144 149 162 166 170 172 176 181 185 187 196 198 199 200 205 217 218 226 229 232 233 234 238 239 240 243 244 247 248 249 250 251 252 257 260 261 263 272 278 281 293 296 298
60 74 75 83 84 86 91 93 96 98 99 105 111 115 117 129 132 135 139 141 142 145 148 151 152 164 166 170 172 176 177 181 185 195 199 201 218 225 226 227 229 232 233 240 248 249 251 252 254 262 265 267 269 270 277 278 286 288 292 293 299
0
0
45 96 105 111 114 126 129 133 136 139 142 145 148 157 176 177 182 183 185 187 196 199 201 218 223 225 227 229 247 248 249 250 252 254 257 265 269 270 272 283 286 292 296 297 298 300
56 84 95 96 98 99 114 117 119 122 126 132 134 141 144 145 148 160 162 166 172 176 181 183 185 187 195 196 200 201 208 211 217 218 224 225 226 229 232 233 243 249 252 254 256 268 269 270 271 272 278 281 283 292 296 297 300
52 83 86 91 93 95 99 102 111 117 127 134 135 139 141 142 149 151 160 181 182 183 196 198 199 200 201 205 206 209 211 223 229 232 233 234 247 249 250 251 252 254 256 257 268 270 272 281 283 293 296 298 299
56 83 84 86 93 95 98 102 107 111 114 117 119 122 126 127 129 132 133 139 142 145 148 160 176 181 187 195 197 198 201 206 208 212 223 225 234 238 240 244 247 260 261 265 270 272 278 283 286 288 292 293 296 297 298 299 300
56 84 91 96 98 102 106 111 115 126 129 132 133 141 142 144 162 166 172 177 181 182 183 185 198 200 201 206 211 217 224 225 226 227 229 232 238 239 240 244 247 249 250 251 254 263 268 269 271 272 278 281 292 293 296 298 299
45 84 87 107 114 117 129 134 135 148 149 152 162 170 176 182 183 196 197 205 206 209 211 212 224 226 227 229 232 234 242 243 248 249 250 252 265 268 270 271 277 278 283 286 299 300
51 83 93 95 96 102 106 107 111 114 122 133 135 139 142 148 152 176 181 183 185 187 196 198 201 205 206 211 212 217 224 225 226 229 240 247 248 250 252 254 257 260 261 262 263 269 272 281 286 293 298 299
0
0
54 86 87 95 96 98 99 102 105 114 115 117 122 126 134 142 145 148 172 176 181 182 185 187 195 199 200 201 205 208 217 218 224 225 226 229 233 234 239 240 244 247 248 249 250 257 263 265 267 271 283 296 297 298 299
0
0
51 93 95 96 99 105 115 119 122 124 126 132 134 135 142 148 151 152 157 160 164 166 172 177 181 182 185 195 196 197 201 211 224 232 234 238 242 247 248 251 252 254 260 262 263 265 267 269 271 283 293 300
59 93 96 98 102 106 107 111 115 117 122 124 127 132 135 136 139 141 144 145 149 151 157 160 176 181 182 197 200 205 206 209 211 218 224 226 227 232 233 238 240 244 248 249 250 251 254 257 260 263 268 270 271 272 278 281 283 286 288 297
58 95 96 99 102 105 106 111 122 124 126 129 132 133 136 139 141 142 144 145 151 164 187 195 196 200 201 205 206 209 211 217 218 224 225 226 227 232 239 240 242 243 247 252 254 256 260 265 268 269 271 272 283 288 292 296 297 298 300
0
56 98 99 105 115 117 119 129 132 134 139 142 145 148 151 157 160 162 164 166 177 183 195 196 198 200 205 211 212 218 223 226 229 238 239 240 242 243 244 247 248 252 261 267 268 270 271 277 278 286 292 293 296 297 298 299 300
0
55 95 98 102 106 115 117 119 126 127 129 133 141 144 148 152 157 160 166 172 177 181 183 185 198 201 205 206 208 211 212 217 223 239 242 244 249 250 252 254 257 261 262 263 265 270 271 277 278 283 293 296 297 298 299 300
0
0
44 98 99 105 106 107 119 122 129 132 133 134 135 136 142 149 151 152 160 164 166 170 172 182 183 187 196 198 217 232 233 234 243 244 249 257 260 261 262 267 269 281 288 298 300
0
0
59 106 107 111 115 119 122 124 129 134 136 139 141 145 151 157 166 170 177 185 196 198 200 201 211 212 217 226 227 229 233 234 238 242 244 249 250 251 252 254 257 260 261 262 263 268 269 270 271 272 277 281 286 288 292 293 296 297 298 300
52 102 106 107 111 114 115 124 129 132 136 139 142 144 152 157 162 172 177 187 196 200 201 205 206 208 211 217 224 225 226 227 229 234 238 240 243 249 251 252 256 257 260 261 265 267 270 272 278 281 283 292 297
0
53 114 115 117 119 124 132 136 139 144 145 149 160 162 164 177 181 187 195 196 197 198 199 200 201 212 217 224 225 226 229 233 239 242 243 244 247 251 256 257 260 261 262 263 267 269 270 271 278 281 297 298 299 300
55 106 107 111 114 115 117 127 129 132 135 136 139 141 144 149 166 170 172 177 181 182 183 195 196 197 201 206 208 209 211 212 223 224 229 232 233 234 238 240 242 247 250 251 252 254 261 263 267 269 270 271 281 283 296 297
0
0
0
49 124 126 127 132 134 135 136 145 148 149 151 164 183 185 187 196 200 209 211 212 217 223 224 227 229 232 238 239 240 244 252 254 257 260 261 263 265 267 269 270 278 281 283 286 288 292 293 296 298
52 111 117 119 122 124 127 135 136 144 145 152 157 166 170 172 176 177 181 185 187 196 198 199 205 209 212 217 218 223 224 225 227 229 232 233 243 248 249 252 254 257 260 261 278 286 288 292 293 296 297 298 300
44 111 117 119 124 126 129 132 139 141 144 149 152 157 160 166 176 177 185 195 196 198 200 206 211 217 225 226 233 234 239 243 247 249 256 260 261 267 269 270 277 283 288 297 299
0
57 114 117 122 129 132 133 136 139 141 142 144 145 149 151 160 162 164 170 172 177 185 187 196 197 198 201 205 217 223 227 229 232 239 242 244 248 252 254 256 257 261 262 265 267 270 271 272 277 278 281 288 292 296 297 298 299 300
57 114 115 119 124 127 129 132 133 135 136 139 142 144 148 149 152 157 160 162 166 177 181 182 185 195 197 209 211 212 217 218 225 226 233 238 239 240 243 244 247 249 250 254 256 260 267 269 270 271 272 278 283 286 292 293 299 300
0
0
53 117 124 126 127 129 132 136 139 141 142 144 145 148 149 152 157 166 170 172 176 181 182 185 195 201 205 206 208 212 218 226 227 232 233 242 243 244 251 252 254 256 260 261 263 269 271 277 278 283 293 296 299 300
0
51 126 129 132 133 136 144 145 148 152 162 164 170 177 182 183 185 187 195 196 199 201 205 206 208 223 224 226 227 233 238 240 242 247 248 249 254 256 257 261 263 265 267 268 270 271 278 281 283 293 296 299
0
49 122 124 127 129 132 142 144 148 157 160 162 166 172 176 177 181 195 196 197 199 200 208 217 218 223 226 229 233 239 242 243 244 248 249 250 254 257 261 265 268 269 271 272 278 281 283 296 297 298
40 122 127 135 139 141 144 145 151 152 157 166 170 177 182 185 195 200 205 206 208 209 211 212 218 223 238 243 244 247 248 249 250 257 260 261 265 268 277 293 297
0
47 126 135 139 141 142 145 148 151 157 162 164 176 177 181 182 183 195 198 200 201 205 209 211 212 217 218 224 227 229 233 238 243 244 247 252 257 262 267 269 270 271 272 277 281 288 296 297
0
42 133 139 142 145 149 151 157 172 176 181 185 187 195 198 200 205 209 211 218 224 225 233 239 240 242 247 248 250 256 257 260 261 262 268 269 270 272 283 288 293 297 298
0
0
38 136 148 149 157 160 164 177 185 187 200 201 217 218 223 225 232 233 238 239 243 244 250 252 254 257 260 261 262 268 269 271 277 278 286 292 296 299 300
0
46 132 134 136 139 142 144 148 152 160 170 182 187 196 198 200 201 205 209 211 218 225 232 233 234 238 239 243 247 248 249 250 252 254 257 262 263 265 267 271 272 277 283 296 297 299 300
47 133 135 136 139 148 151 160 166 176 195 196 198 199 201 205 206 208 209 211 212 217 218 223 225 226 234 238 239 243 247 249 251 257 267 268 269 270 271 272 277 283 288 292 297 298 299 300
0
0
0
0
0
40 139 141 149 152 157 160 162 164 176 177 183 185 197 198 208 224 225 226 227 229 238 239 240 242 243 248 249 250 251 254 257 262 267 268 269 270 283 288 298 300
46 142 144 145 148 164 166 170 172 177 182 187 196 197 200 201 205 206 208 209 211 212 218 223 226 229 232 233 234 239 240 244 247 248 250 256 260 261 265 268 269 270 277 283 292 296 300
0
46 141 144 145 149 151 157 164 170 183 187 196 199 205 208 209 211 212 218 223 224 225 227 229 232 233 234 238 240 242 243 248 249 250 254 257 262 267 268 270 271 272 277 283 286 293 300
0
0
39 145 151 157 162 176 183 187 195 196 197 198 199 200 201 205 208 209 217 226 232 233 238 239 242 243 247 250 252 254 257 265 268 272 278 281 286 292 293 297
0
0
35 148 151 160 172 176 181 182 183 187 195 197 198 200 209 218 223 238 239 240 243 249 254 256 257 263 267 268 271 277 278 286 293 297 298 300
40 151 157 170 176 181 182 183 187 195 196 197 206 208 209 212 217 218 223 224 227 229 234 238 242 244 251 252 256 261 262 263 265 268 270 271 277 278 286 292 296
0
0
36 151 152 157 160 166 172 176 177 183 185 196 197 201 205 211 217 218 224 226 232 233 242 243 244 249 250 252 260 269 270 278 283 286 288 292 296
0
0
45 157 170 172 176 177 183 187 196 197 198 205 206 208 209 212 217 218 225 229 233 234 238 242 243 244 247 248 249 250 251 252 260 262 265 267 268 269 272 277 281 283 286 288 292 297
41 157 170 172 177 181 183 187 196 197 200 206 208 211 217 225 226 229 238 239 240 242 243 244 250 257 260 263 265 267 268 269 271 272 277 281 283 292 293 296 297 298
32 157 164 170 176 182 185 197 200 201 206 211 212 217 223 225 227 234 242 243 248 249 250 262 263 278 281 283 288 293 298 299 300
36 160 166 177 187 195 196 197 198 201 205 206 209 211 217 224 225 226 227 229 240 243 247 248 251 252 263 265 269 270 271 277 278 283 288 292 293
0
34 160 166 176 181 185 187 195 196 199 206 209 211 217 224 226 229 232 233 234 242 244 247 249 251 256 265 272 277 278 281 286 296 298 299
32 160 164 176 183 206 209 212 218 223 224 225 226 229 233 234 240 242 244 247 248 252 256 257 260 262 269 272 281 283 293 297 299
0
31 162 164 172 181 195 196 197 200 212 217 223 227 232 242 247 248 249 251 256 257 262 263 265 268 272 278 288 292 293 298 299
0
41 164 166 172 183 185 195 197 201 205 208 211 218 223 225 226 233 238 239 240 242 243 247 248 250 251 257 262 265 267 269 270 272 277 278 281 286 288 293 296 299 300
0
44 166 172 177 183 185 187 195 196 200 201 206 209 211 218 224 226 227 229 234 238 239 240 242 243 244 248 249 251 260 261 263 267 268 270 271 277 281 286 288 292 293 296 297 299
0
34 176 177 181 182 185 187 195 196 198 200 206 209 217 218 232 233 239 243 244 248 251 252 254 257 260 262 263 267 269 278 281 286 288 296
42 170 172 176 177 181 183 185 187 195 196 197 198 199 201 206 208 209 212 217 223 227 229 234 239 240 243 244 247 249 251 252 254 256 257 260 263 265 268 281 292 293 296
29 176 181 182 198 199 200 205 209 217 218 223 224 225 226 232 233 240 247 248 256 260 265 268 269 286 292 296 299 300
0
42 177 181 182 183 187 196 198 199 200 201 206 208 209 217 224 226 234 239 240 242 243 247 248 249 250 251 257 260 265 267 268 271 272 277 278 283 286 292 293 297 298 299
0
38 177 185 187 195 197 198 200 201 217 218 223 224 225 226 238 242 243 247 248 250 251 252 257 260 261 262 265 269 271 272 278 292 293 296 297 298 299 300
37 177 196 198 199 200 201 206 209 212 217 218 225 232 233 234 238 240 247 248 249 250 251 256 257 260 261 263 265 268 269 270 272 283 288 292 297 298
35 181 182 185 195 196 197 198 205 206 208 217 218 223 225 226 232 233 234 238 239 240 248 251 252 254 256 261 262 263 270 281 283 292 298 300
0
0
34 182 196 205 206 211 224 225 226 229 232 233 234 238 243 244 247 248 252 254 261 262 263 265 267 268 271 277 278 281 292 293 296 297 299
30 183 196 199 200 205 208 209 212 217 218 224 229 233 238 239 244 249 252 256 257 260 263 265 267 268 270 288 293 296 300
34 181 182 187 195 196 199 205 209 212 218 224 225 227 229 232 239 242 247 248 249 254 256 263 267 269 271 272 278 281 292 296 297 298 299
0
0
0
34 185 187 196 197 201 205 206 211 218 223 224 225 227 233 242 243 250 251 252 254 256 257 262 267 269 272 283 286 288 296 297 298 299 300
0
33 187 195 205 208 212 223 226 227 232 239 242 243 244 247 249 251 254 256 257 260 261 262 263 268 269 270 281 283 286 288 292 296 298
0
22 195 196 197 200 201 205 206 218 224 225 229 232 233 238 261 265 269 270 272 277 278 281
39 195 196 198 199 200 205 206 208 209 212 217 218 223 224 225 226 227 232 238 242 243 244 247 248 249 250 254 257 261 262 267 269 270 271 277 278 283 292 297
27 198 199 205 209 212 217 218 225 233 234 239 243 244 248 250 260 261 265 268 270 281 283 292 296 297 299 300
32 195 196 197 199 201 205 208 209 217 223 226 227 229 234 238 239 243 244 249 254 260 261 267 271 272 278 281 283 296 297 299 300
33 197 199 200 201 205 206 209 211 217 218 223 224 225 227 229 234 243 244 251 261 262 263 265 268 269 271 283 286 288 292 293 297 298
29 196 197 198 200 201 205 206 208 211 212 223 224 226 229 234 239 248 250 254 261 262 263 270 271 272 281 286 288 298
34 195 197 198 201 205 212 223 226 229 232 238 242 243 244 248 250 251 254 257 260 261 263 265 268 269 270 271 272 277 288 293 296 299 300
0
0
0
0
0
0
0
16 205 206 211 218 229 239 243 265 268 269 270 272 281 283 293 300
25 205 206 211 217 223 226 232 238 239 242 244 249 251 254 257 261 262 268 270 271 278 286 293 297 299
26 205 209 212 217 218 225 226 232 238 242 244 248 250 251 257 267 269 270 271 272 277 281 286 292 299 300
0
0
27 211 223 226 227 229 233 238 242 251 254 257 260 261 262 267 269 270 271 277 283 286 288 293 296 297 298 300
0
0
25 212 217 218 223 227 229 232 240 243 247 248 249 251 256 257 260 262 265 267 270 271 281 288 293 299
0
0
24 217 218 226 227 232 238 239 240 242 243 249 250 251 261 263 265 269 277 281 283 288 292 297 299
28 217 226 227 229 232 233 234 239 242 243 244 247 248 250 251 256 261 262 263 265 272 277 278 283 286 288 292 297
24 217 223 225 226 233 234 238 239 250 256 257 260 263 267 268 277 278 281 283 288 292 298 299 300
22 217 218 226 232 233 234 239 242 244 250 252 254 262 267 269 272 281 286 288 292 298 299
0
0
19 223 225 226 227 232 239 240 243 244 257 262 267 272 283 293 297 298 299 300
23 223 225 232 233 239 243 247 248 250 251 256 260 263 269 277 278 286 288 292 293 297 298 300
21 226 227 229 233 239 243 244 249 251 252 262 265 267 268 269 271 277 278 283 292 296
28 223 226 229 232 238 239 240 242 243 244 247 251 252 256 261 265 268 271 281 283 286 288 293 296 297 298 299 300
0
0
0
0
0
21 232 238 239 250 251 254 256 257 260 261 262 263 267 269 271 278 281 288 292 296 300
0
19 233 238 242 244 249 250 252 254 256 261 265 267 269 272 278 283 288 297 298
20 239 240 244 247 248 249 254 256 262 263 270 271 272 277 281 286 293 297 298 300
0
0
0
21 240 242 243 247 248 249 251 252 261 265 267 268 269 271 277 278 286 288 293 297 298
17 239 242 243 248 251 252 260 263 269 270 272 277 278 283 286 292 293
17 238 239 240 248 250 251 252 256 260 268 270 281 288 292 293 297 298
0
0
0
14 242 243 247 256 260 261 262 267 271 278 288 293 297 300
0
0
0
14 250 254 256 257 260 261 268 269 270 283 293 298 299 300
17 247 248 250 251 254 260 261 262 269 270 271 278 283 286 288 292 299
0
0
0
0
0
0
11 256 261 263 265 269 281 283 288 296 297 298
0
16 256 257 260 261 265 267 268 272 277 286 288 292 293 296 297 298
0
0
15 261 262 268 271 272 278 281 283 286 292 293 296 297 298 299
14 261 262 268 269 270 277 283 286 292 293 297 298 299 300
0
0
0
0
12 267 268 269 271 272 278 281 283 286 293 298 299
0
13 267 268 270 277 281 286 292 293 296 297 298 299 300
0
0
0
0
0
0
6 281 288 292 293 296 300
7 277 283 286 292 297 298 299
5 278 292 296 298 299
5 281 286 293 298 300
0
0
7 281 283 296 297 298 299 300
8 281 286 288 292 296 298 299 300
0
4 283 288 292 298
0
5 286 288 293 298 299
4 292 293 296 300
0
4 288 296 297 298
0
2 292 298
3 296 297 300
1 298
0
0
2 298 300
2 296 300
0
0
0
0
0
