300
150 151 269 273 221 191 274 291 245 276 174 251 277 227 239 224 236 280 184 241 169 298 263 182 210 158 157 287 202 195 288 190 183 179 220 207 255 244 219 168 164 252 283 198 242 193 238 212 152 253 187 216 225 156 177 181 153 199 254 250 230 231 285 297 228 208 272 200 279 165 159 186 300 260 209 286 247 262 268 265 215 223 282 196 170 296 229 281 278 293 237 201 171 173 175 162 205 197 299 204 259 248 249 172 154 256 176 203 185 161 192 213 235 292 257 166 261 270 180 275 214 206 160 289 284 258 163 295 194 234 267 222 246 167 290 243 232 189 226 294 266 264 178 218 271 155 188 233 240 217 211
150 152 161 245 183 240 166 290 275 217 263 249 192 292 189 206 165 293 232 222 179 260 225 243 276 246 167 180 207 181 209 285 239 185 250 294 297 288 231 173 175 174 163 198 248 218 251 279 252 255 283 244 194 247 193 270 287 266 237 281 171 299 296 235 176 172 184 204 271 170 195 223 216 203 258 272 241 242 214 159 264 265 259 199 289 256 162 268 229 202 298 274 280 177 227 151 190 238 200 201 291 178 155 213 286 228 273 196 295 226 191 282 212 261 153 269 188 262 215 230 182 154 278 211 219 164 284 169 234 253 157 186 156 208 197 187 233 254 158 277 168 236 160 221 224 257 210 300 205 267 220
150 153 298 223 171 282 151 193 283 213 163 279 241 199 244 203 291 152 194 237 281 208 278 227 242 253 169 160 222 189 294 250 268 175 293 273 231 228 184 275 299 217 173 290 287 215 257 196 219 155 211 286 190 183 232 206 262 186 209 201 233 176 235 267 243 187 164 265 178 238 157 280 154 198 225 261 252 177 255 212 276 200 269 158 240 258 166 218 188 179 254 264 246 272 229 288 205 168 270 161 296 195 277 245 259 248 239 159 274 167 226 162 156 284 251 174 300 289 221 295 204 297 170 207 181 216 165 224 182 247 249 256 263 260 210 234 230 220 202 214 197 266 271 285 236 191 292 180 192 172 185
150 154 173 243 279 296 220 171 216 238 224 195 208 198 291 253 212 163 172 177 180 244 251 179 246 228 232 240 277 159 196 164 284 160 203 286 181 215 162 264 178 157 278 269 245 161 255 300 151 176 283 259 289 221 194 288 262 234 200 223 199 265 263 230 229 295 294 158 190 254 206 225 272 226 187 170 214 186 298 184 270 182 167 241 209 165 290 280 267 197 231 233 153 210 211 227 166 188 169 193 217 155 261 192 275 271 235 247 201 189 242 237 266 285 204 292 257 282 213 260 252 256 274 183 297 168 299 293 219 239 185 156 287 248 174 218 202 258 205 276 222 273 236 249 207 281 250 191 152 175 268
150 155 194 161 269 219 300 236 240 198 167 170 215 276 183 174 190 243 177 166 199 239 197 205 238 229 299 151 283 165 257 185 189 152 297 298 282 280 207 176 156 203 267 153 230 264 254 208 160 248 275 182 157 228 249 201 233 158 290 187 226 255 288 223 296 245 293 251 225 268 168 274 234 235 180 295 164 217 195 169 159 291 192 279 258 292 272 175 250 284 222 278 252 211 181 232 209 154 253 186 212 231 172 196 277 171 261 294 247 227 286 287 214 270 173 218 163 224 260 221 213 206 200 179 244 281 246 220 289 266 256 193 273 271 210 237 178 259 162 263 242 262 204 265 202 216 191 285 184 241 188
150 156 170 217 233 275 160 181 263 294 164 187 259 237 173 223 265 180 192 225 283 246 186 258 277 291 199 193 207 240 278 182 297 174 295 249 287 234 228 245 230 253 248 286 161 227 260 209 296 247 158 231 172 204 166 276 167 216 255 252 243 188 239 215 266 171 179 236 198 273 165 270 176 206 153 152 213 289 205 194 189 290 269 241 220 285 159 151 281 197 175 261 274 257 284 178 293 155 292 184 235 254 264 280 196 242 218 251 238 211 222 163 219 177 262 208 212 162 154 282 272 232 268 168 299 157 191 267 250 202 271 256 195 203 200 183 224 229 226 169 300 221 288 244 279 214 298 185 190 201 210
150 157 226 180 182 183 165 179 252 267 290 200 237 196 266 288 206 278 284 223 243 194 174 177 276 214 159 192 298 245 228 167 281 274 219 199 170 251 253 235 222 246 198 161 236 190 280 234 225 207 240 297 193 181 256 202 265 172 173 294 186 261 163 247 197 300 189 286 217 162 212 204 230 238 299 203 227 287 263 208 191 285 175 153 255 268 257 169 188 295 258 264 152 242 195 233 218 220 224 171 168 269 250 187 164 216 259 205 211 213 231 289 291 178 249 156 270 184 277 239 155 154 279 262 209 283 221 260 275 185 248 296 176 229 273 293 215 254 241 166 292 271 282 158 160 272 210 244 201 151 232
150 158 289 218 241 234 176 237 168 287 177 164 232 193 251 297 281 293 229 270 184 206 266 207 236 201 183 182 213 282 219 188 296 231 160 222 243 253 202 248 264 277 286 272 198 208 154 190 290 187 209 220 239 171 215 238 279 159 211 233 298 166 285 273 240 235 200 280 261 163 246 230 195 155 259 169 205 165 292 212 245 271 181 216 250 174 170 269 210 257 152 197 225 263 252 153 178 295 283 186 294 254 226 265 180 172 162 274 167 179 275 185 192 288 157 203 247 299 255 175 151 258 284 227 199 256 224 196 249 291 161 244 276 223 189 278 228 242 173 262 217 268 300 221 214 156 191 194 267 204 260
150 159 269 198 209 175 293 280 253 195 157 158 152 289 212 163 262 167 164 213 219 252 193 296 220 188 268 178 267 261 276 181 202 247 205 189 243 210 298 284 242 176 274 224 225 250 166 191 174 214 229 246 199 232 254 217 286 270 263 161 197 194 235 218 223 256 165 265 273 168 170 241 216 153 233 295 279 234 283 266 215 291 183 177 244 208 277 260 288 222 245 259 230 204 237 271 231 184 151 297 171 200 249 299 206 172 192 203 281 160 179 207 285 185 228 169 255 239 186 272 173 282 154 196 278 292 226 156 162 275 201 258 294 236 264 300 251 155 221 227 240 238 190 180 211 290 257 248 287 187 182
150 160 282 215 206 181 172 287 298 280 284 265 207 257 294 268 214 212 169 250 246 202 177 244 249 271 236 199 275 286 279 201 154 218 197 262 288 267 270 165 153 189 179 219 238 296 168 289 155 266 256 187 174 152 194 170 260 274 200 208 183 209 210 269 193 166 281 162 290 259 229 233 161 195 235 241 292 248 180 221 191 254 163 151 285 220 175 192 182 178 223 272 264 156 188 273 228 159 283 247 205 157 297 276 164 252 253 225 255 185 171 263 295 176 196 278 258 239 216 184 245 158 226 291 186 300 299 217 204 237 227 231 277 242 173 167 211 240 293 261 190 222 230 251 232 213 243 203 224 234 198
150 161 290 155 251 211 175 237 153 213 250 184 187 264 265 279 218 191 181 282 229 236 258 298 233 171 192 295 267 221 167 197 169 257 205 286 283 159 202 281 299 164 157 194 268 260 259 246 263 196 248 262 225 274 289 151 206 200 178 284 183 209 232 238 269 186 249 215 176 252 296 231 195 266 174 217 273 193 285 190 214 297 212 207 235 234 244 158 210 156 163 228 242 203 280 247 170 223 168 261 216 173 189 270 162 254 226 201 253 291 204 188 255 185 277 179 166 293 177 294 241 222 198 227 256 245 288 152 208 180 240 165 287 199 276 224 278 300 220 292 272 219 154 239 271 182 160 230 243 275 172
150 162 176 185 167 297 272 242 158 295 229 289 202 219 182 249 184 290 207 263 251 227 278 239 166 283 177 280 237 256 169 246 209 271 156 245 282 279 234 193 213 186 252 183 236 181 291 153 196 151 288 257 231 275 217 188 216 165 262 214 274 203 198 268 269 225 296 205 240 226 218 266 284 253 211 210 292 191 192 273 189 248 154 204 270 250 190 261 199 298 206 293 197 195 215 155 164 160 258 255 171 224 172 247 285 254 163 175 259 152 276 180 243 281 174 286 200 299 168 179 233 265 178 223 264 173 300 230 187 287 235 267 228 170 244 222 157 159 238 260 194 220 277 208 212 232 294 161 221 201 241
150 163 186 246 196 230 296 281 248 238 184 194 152 250 266 168 223 221 183 224 265 276 210 167 297 211 172 295 234 203 216 263 165 204 286 151 182 206 300 227 214 220 242 197 185 199 268 193 253 169 222 275 201 187 255 272 291 212 189 215 247 162 218 298 195 166 288 160 267 283 262 279 240 228 158 180 256 179 225 233 170 232 213 176 245 153 290 174 207 271 236 181 188 173 241 171 277 191 264 293 289 231 157 229 219 287 178 209 273 258 202 200 156 257 280 251 159 235 239 269 261 208 274 175 294 270 299 254 243 252 278 192 292 284 161 155 217 259 154 249 244 205 177 260 285 190 164 198 226 282 237
150 164 183 248 190 297 223 201 289 206 230 178 296 182 181 293 171 268 267 233 252 152 159 286 163 236 195 153 243 180 156 166 167 212 160 254 226 239 225 241 234 176 177 292 280 266 179 228 275 256 265 245 247 197 196 283 299 240 213 188 157 258 281 284 290 209 229 210 186 232 219 187 271 216 255 273 165 175 249 242 191 202 205 261 246 211 169 204 264 274 218 203 158 151 189 262 155 199 193 291 217 257 215 161 220 251 185 214 192 237 287 172 200 235 260 250 295 207 263 288 154 298 270 184 269 231 238 194 285 170 224 272 208 227 294 276 300 244 253 173 259 162 278 174 279 168 282 198 221 222 277
150 165 267 206 175 286 164 288 221 250 178 233 230 236 269 196 275 245 255 294 289 173 211 296 163 189 226 268 240 265 193 157 202 200 161 160 246 183 231 168 192 298 177 271 273 198 239 238 154 285 297 203 277 205 186 212 181 152 276 260 214 248 270 295 251 300 179 207 272 228 234 216 291 299 188 187 237 155 217 208 293 223 201 261 292 171 159 284 266 229 167 222 153 185 182 263 190 210 249 283 156 169 199 158 243 252 235 290 166 218 247 232 151 184 219 254 162 258 287 281 279 278 225 256 195 244 204 170 274 259 209 174 227 253 191 224 280 215 194 176 262 180 282 264 213 242 257 172 241 220 197
150 166 242 211 154 290 243 160 189 220 231 246 241 269 197 180 215 278 176 265 261 178 204 253 234 258 255 214 296 202 173 252 159 254 190 292 152 223 276 289 279 232 200 260 222 237 230 209 186 217 219 275 271 227 174 185 177 168 284 294 273 225 300 151 198 256 244 264 288 285 263 259 179 181 224 164 233 299 298 221 268 293 184 274 239 205 153 167 157 286 280 266 281 193 201 208 191 272 192 165 282 169 257 291 213 236 270 267 175 212 158 182 216 156 206 170 172 196 228 251 287 235 250 188 195 218 245 238 161 240 207 229 283 277 248 262 249 194 297 226 171 203 162 163 210 295 199 155 187 247 183
150 167 160 245 263 236 192 223 161 196 186 218 254 282 242 210 253 296 198 193 256 289 177 155 288 290 294 180 292 230 157 226 190 183 213 284 283 220 170 208 266 175 197 194 229 224 191 222 239 276 257 272 172 154 200 238 248 203 168 241 295 228 187 286 270 216 255 225 151 279 156 158 188 300 178 293 249 267 153 299 181 291 273 209 215 182 232 247 221 297 201 281 174 219 202 269 164 152 298 277 287 246 166 264 271 211 195 199 259 171 280 235 252 268 262 184 227 204 217 240 173 159 165 212 234 231 243 214 206 275 185 250 233 237 176 251 261 265 278 274 205 285 207 258 162 163 189 169 244 260 179
150 168 259 250 235 205 277 291 275 188 297 210 253 215 296 274 177 227 288 258 263 199 223 231 257 278 265 245 290 152 241 184 300 160 221 281 279 298 233 272 229 201 234 207 197 219 167 216 243 283 169 285 294 203 192 284 164 196 200 226 209 162 254 176 236 182 173 276 228 211 217 242 198 179 214 202 153 213 189 287 161 256 266 260 282 158 239 155 238 240 255 185 174 157 166 252 151 163 159 267 190 224 248 273 218 247 220 175 208 156 249 206 191 295 180 293 232 244 181 270 222 225 261 212 268 262 286 195 280 193 292 178 246 264 170 154 187 165 204 237 251 183 230 269 299 271 194 172 171 186 289
150 169 275 282 159 240 180 186 288 212 239 214 280 158 233 204 154 246 296 267 241 235 228 250 198 193 161 281 171 285 244 166 276 266 264 295 190 230 224 237 188 206 263 265 291 231 298 232 153 247 167 236 164 277 213 156 155 191 262 222 258 177 249 274 157 238 160 184 207 293 185 192 284 289 200 199 168 172 163 251 294 173 182 210 248 278 268 290 272 255 175 165 194 205 243 215 260 183 269 216 254 226 179 227 245 297 211 286 292 189 220 196 219 229 287 225 271 195 202 176 257 197 217 259 152 178 162 252 218 299 209 174 256 242 151 283 203 170 279 253 201 223 181 234 270 300 261 187 221 273 208
150 170 199 246 238 260 289 237 177 279 151 191 159 257 245 271 203 153 284 206 211 296 250 241 163 251 294 232 160 224 287 173 181 155 297 278 202 207 272 258 253 266 192 187 290 235 261 158 168 286 264 243 198 225 197 174 226 186 281 249 182 213 273 233 248 200 292 291 265 295 194 165 252 244 216 196 293 162 185 228 283 180 299 212 231 221 263 214 189 267 259 220 157 256 219 230 255 298 204 179 242 156 227 195 274 171 269 217 247 276 239 268 229 218 285 175 164 262 172 275 209 205 190 270 215 280 254 236 167 169 277 282 176 234 188 152 222 193 183 201 288 178 240 161 210 300 223 166 184 154 208
150 171 207 283 221 193 200 169 173 232 287 282 277 240 152 219 265 155 262 289 201 204 257 156 178 214 229 248 180 153 280 227 188 293 159 299 273 172 246 192 205 212 291 247 296 264 218 223 154 225 238 224 234 161 295 191 216 183 237 263 199 256 195 170 281 268 239 190 271 228 198 164 278 290 231 258 253 292 174 194 168 251 185 222 211 179 261 230 186 160 187 252 181 260 220 209 294 276 226 242 151 176 210 203 284 158 267 184 244 206 175 269 217 157 279 189 165 298 196 163 233 285 162 241 272 250 286 270 300 297 245 288 177 167 259 215 213 166 236 274 255 235 266 243 254 249 208 182 275 202 197
150 172 232 295 224 260 154 160 290 170 198 259 214 300 278 242 239 268 218 293 156 157 296 189 247 292 272 196 187 258 284 159 212 186 246 250 201 227 236 213 162 155 273 261 286 167 253 229 281 168 274 298 195 287 171 221 194 237 197 207 202 248 280 177 249 181 220 225 267 289 169 188 153 176 266 209 222 219 151 180 191 152 184 277 165 216 215 231 256 270 275 243 240 226 241 173 291 217 185 230 208 238 204 285 262 193 263 283 182 245 288 199 179 255 223 257 254 166 244 264 200 294 228 192 158 178 206 233 271 299 279 211 234 164 163 252 276 190 297 265 175 251 203 235 282 183 161 269 205 174 210
150 173 230 260 282 168 273 255 263 299 180 175 193 172 259 270 276 281 252 295 190 165 251 170 265 161 283 257 264 191 248 285 188 212 202 300 275 199 297 221 219 236 158 204 279 156 238 228 234 246 224 269 268 288 225 262 286 272 293 174 186 189 220 197 250 194 176 235 266 290 169 287 277 207 206 214 218 192 242 179 233 171 210 244 240 245 296 208 289 187 215 227 205 254 292 164 154 178 196 159 231 267 280 151 278 232 157 298 163 184 183 243 181 195 152 249 153 166 258 167 274 209 162 216 241 201 200 182 155 217 226 239 211 261 284 213 203 223 160 177 247 237 222 271 256 229 253 185 294 198 291
150 174 188 275 208 276 198 282 187 298 263 152 268 180 252 190 261 295 279 280 168 249 165 290 183 235 199 210 162 236 172 262 220 181 259 194 206 256 169 271 207 226 200 222 225 266 214 211 297 176 213 221 238 204 153 157 215 170 179 288 270 246 247 300 203 159 158 286 230 163 156 264 231 209 186 285 224 167 233 201 294 218 241 239 250 178 258 160 277 254 164 193 237 269 242 257 248 244 293 223 171 292 219 175 173 217 245 177 234 202 189 192 197 191 287 296 255 216 291 166 154 243 299 281 161 251 278 184 272 229 284 265 196 232 283 212 274 155 260 240 185 182 228 253 267 151 289 273 227 195 205
150 175 265 240 167 195 260 203 159 153 156 219 289 198 202 276 216 166 266 170 187 226 221 212 191 215 256 243 158 293 214 247 193 174 183 205 182 296 261 180 181 248 278 269 225 283 211 196 245 238 154 152 298 275 294 224 178 257 206 199 271 186 190 210 209 177 279 228 165 185 184 249 280 161 251 213 300 236 284 218 277 239 234 200 286 267 151 295 207 241 220 250 197 268 290 272 285 254 227 188 233 172 297 173 155 299 179 222 291 252 244 292 242 259 235 229 162 194 201 192 281 262 231 255 204 217 164 270 230 168 163 253 282 274 157 223 263 171 169 258 237 176 232 160 246 189 264 273 288 287 208
150 176 183 168 230 295 268 251 193 279 238 292 259 262 257 152 239 213 171 219 293 271 216 170 297 196 191 189 199 231 202 253 229 281 211 200 236 269 260 247 212 188 280 151 233 225 178 244 226 285 166 264 224 234 194 215 186 221 206 263 162 265 276 167 187 195 273 248 235 254 274 160 296 277 291 205 210 278 181 256 154 252 288 218 190 173 174 207 245 222 266 249 198 177 255 185 204 241 237 243 192 298 156 284 299 159 197 217 294 169 153 220 242 275 258 157 227 228 164 214 270 246 283 180 163 286 179 175 287 184 240 208 290 250 155 182 165 203 267 223 201 261 158 209 232 172 300 289 272 161 282
150 177 268 298 209 288 183 165 290 223 233 153 201 161 188 202 192 264 184 210 287 286 211 282 155 252 272 256 171 242 255 189 236 154 160 208 212 228 266 197 239 237 166 199 258 229 281 219 250 187 295 297 191 218 195 217 260 235 291 292 263 214 206 254 151 180 194 261 238 247 284 156 257 200 220 174 173 163 249 164 159 168 270 276 158 289 285 213 190 253 241 198 162 196 186 227 234 245 274 175 267 277 207 203 300 222 204 178 296 225 280 157 244 283 275 230 279 240 205 167 193 226 216 232 169 231 265 182 294 176 152 271 262 269 248 172 299 273 179 221 246 185 278 251 243 224 293 259 215 170 181
150 178 162 215 253 290 267 183 242 285 198 236 160 199 232 210 230 229 237 297 266 270 258 222 168 276 284 177 248 159 250 265 191 226 240 185 275 167 239 155 218 212 176 256 243 252 211 206 277 181 202 204 234 175 244 282 245 259 182 194 189 292 165 293 186 247 213 154 298 170 291 208 207 197 201 164 221 283 157 295 241 172 180 151 255 238 280 192 224 169 294 174 227 225 152 216 257 158 190 262 187 249 193 220 268 235 184 254 279 179 278 289 163 196 161 251 223 260 195 219 281 286 231 287 263 233 156 288 300 269 272 228 296 299 274 173 261 203 273 214 205 246 264 271 153 188 200 171 217 209 166
150 179 208 233 161 152 200 297 263 240 192 189 207 289 218 255 213 247 194 280 296 252 191 260 151 195 159 229 231 242 193 185 175 219 299 228 184 199 187 283 214 259 267 217 237 202 258 239 284 162 165 222 248 277 230 254 292 236 300 224 225 268 272 186 203 291 198 197 216 257 261 234 163 212 183 256 286 270 215 158 285 273 235 157 180 243 209 176 253 269 170 298 173 226 156 278 238 177 227 160 275 188 246 232 174 153 210 279 164 166 196 201 287 274 204 221 282 154 223 205 293 244 206 271 249 294 276 178 182 290 245 155 265 169 295 181 172 264 251 190 171 167 281 262 168 241 211 266 220 288 250
150 180 293 219 185 248 269 175 235 189 270 218 195 214 163 158 241 286 228 157 243 236 266 254 278 249 176 283 208 167 242 211 247 240 209 179 260 177 170 265 181 197 160 264 258 165 206 244 250 277 172 178 207 174 191 275 232 194 217 261 296 155 282 186 231 184 205 234 294 285 201 183 187 263 182 299 255 166 274 262 164 152 222 153 204 229 292 291 273 210 213 151 199 159 202 233 200 259 253 279 251 162 289 287 212 272 188 238 196 280 290 271 216 192 267 245 171 223 156 227 203 230 295 190 288 239 215 169 257 221 252 246 226 237 281 268 193 161 173 298 198 256 168 300 276 220 154 297 224 225 284
150 181 295 246 270 188 167 293 261 206 283 186 272 216 287 197 192 187 285 294 237 215 233 266 176 262 209 281 249 157 165 279 225 222 253 180 299 265 168 201 170 300 224 238 158 259 235 212 250 284 177 207 273 205 247 164 260 232 154 291 268 241 223 229 163 245 244 269 282 189 257 172 199 196 174 239 240 278 204 175 264 218 256 200 267 214 219 275 288 296 213 211 160 228 217 242 210 152 185 178 195 280 183 254 290 234 198 248 179 231 298 171 191 203 155 161 277 169 274 153 236 286 220 190 292 166 173 193 243 271 255 208 151 252 156 276 226 297 184 227 162 263 258 289 230 194 202 159 221 251 182
150 182 196 219 178 262 291 151 279 283 253 247 176 263 211 184 188 266 228 168 245 164 282 271 221 242 252 181 249 270 284 255 264 154 274 272 175 177 244 261 234 207 290 159 183 285 163 292 237 267 298 160 191 198 172 225 169 294 189 152 288 208 278 230 201 241 179 161 251 180 231 229 165 167 217 246 256 226 215 239 275 276 277 259 199 235 296 227 281 222 205 293 200 238 209 155 233 174 157 210 214 265 286 171 218 206 192 187 162 299 193 260 223 254 185 258 153 273 194 268 300 166 243 195 204 197 186 158 280 257 190 297 248 236 156 224 287 240 289 216 203 173 232 212 213 269 220 170 295 202 250
150 183 200 229 199 298 176 299 265 184 300 223 279 253 277 170 153 270 182 243 213 263 151 233 206 296 165 283 261 294 175 285 220 268 195 251 210 252 276 250 293 171 244 254 164 215 245 282 239 262 161 221 193 167 290 163 228 274 208 236 185 211 241 158 218 287 231 269 284 179 202 219 157 196 226 209 154 177 217 189 180 166 186 207 203 237 230 152 169 214 247 159 156 278 289 257 201 242 234 212 160 174 172 291 224 162 249 168 227 295 232 216 281 275 238 190 267 181 205 271 246 155 264 173 225 258 188 273 255 297 272 194 240 280 222 248 178 197 286 256 259 235 288 266 198 292 191 260 187 192 204
150 184 297 204 194 229 163 239 168 278 273 222 187 152 243 203 157 245 178 218 207 248 188 160 254 247 189 286 252 192 213 205 281 206 181 200 285 193 210 244 280 242 186 234 159 265 219 275 251 250 182 277 225 211 199 298 253 156 235 300 197 284 249 292 173 191 257 169 202 236 279 299 201 196 270 233 224 261 232 262 295 208 231 165 180 153 171 291 294 185 195 258 155 161 216 289 151 246 176 274 256 240 237 217 296 271 177 228 198 158 223 264 267 293 215 154 259 167 255 272 172 209 221 238 260 183 282 227 283 174 290 220 241 162 164 214 170 263 212 230 269 276 166 226 175 266 179 190 268 287 288
150 185 174 221 210 271 177 209 171 256 231 162 152 165 213 190 258 166 227 163 284 294 183 259 173 202 159 228 204 191 285 224 219 176 293 215 223 247 226 230 265 167 257 197 179 214 287 153 158 283 172 234 201 175 187 278 229 279 233 286 255 299 198 238 181 182 248 212 288 270 241 155 272 242 194 164 292 261 151 274 188 298 250 289 263 180 169 161 196 246 300 216 275 160 291 296 225 206 168 253 236 260 195 232 222 237 192 208 268 264 199 207 266 184 239 243 156 203 273 251 178 267 211 186 244 189 170 157 281 193 276 262 297 295 280 220 218 245 154 252 249 290 200 240 277 217 254 235 282 205 269
150 186 229 193 166 173 255 201 250 210 238 203 231 284 297 298 208 243 232 206 212 245 270 288 197 214 224 179 163 172 165 183 221 252 184 189 204 180 269 175 227 256 225 287 296 209 190 191 273 263 267 226 162 299 249 170 223 187 205 285 246 264 219 171 164 151 234 215 192 262 155 216 176 244 293 283 217 195 178 268 266 188 213 289 167 211 228 177 281 207 158 280 181 174 194 291 253 168 196 259 237 157 230 222 257 160 274 202 251 169 239 154 199 220 241 295 161 275 198 152 218 159 182 185 261 292 294 271 286 277 200 247 290 242 265 258 235 300 272 276 260 279 254 156 278 233 240 153 248 236 282
150 187 161 227 259 258 190 264 180 242 175 217 250 155 268 298 277 178 288 247 285 193 260 196 173 219 165 204 262 239 226 186 188 221 169 192 261 207 278 189 205 280 299 282 276 252 233 229 184 172 199 216 166 171 170 283 215 246 156 152 300 203 210 185 275 179 202 236 162 218 211 208 159 263 281 168 292 174 272 201 212 271 291 256 214 160 194 220 195 255 294 181 297 267 287 249 269 238 230 273 228 257 206 235 231 251 191 167 154 222 177 153 265 183 293 198 237 244 295 266 182 223 270 240 200 241 284 234 274 213 164 279 197 245 296 290 289 157 158 224 286 232 243 248 163 225 151 254 253 176 209
150 188 241 236 267 244 166 282 217 235 294 168 200 189 253 283 277 259 284 238 230 296 229 295 191 233 164 201 187 242 219 278 218 254 211 223 221 153 158 178 262 256 261 257 205 194 165 246 224 154 270 185 210 175 180 247 249 159 255 212 240 160 220 243 183 268 174 239 198 293 193 266 280 155 292 204 273 197 151 213 163 237 225 161 190 291 245 214 274 226 263 248 285 206 272 250 228 167 202 227 286 299 208 297 281 195 265 177 182 186 184 162 279 234 287 275 252 203 269 171 258 264 181 271 199 216 215 222 231 176 260 209 157 152 251 207 232 173 298 169 289 156 196 290 172 179 288 192 300 170 276
150 189 166 239 256 195 204 179 169 250 168 300 278 174 216 163 246 273 197 161 264 236 262 249 181 285 164 298 205 269 219 226 261 257 223 280 253 202 221 160 172 157 177 199 230 252 259 255 153 209 218 284 192 265 244 229 275 196 268 274 247 190 283 155 271 296 232 212 245 224 294 279 186 238 286 200 208 263 222 213 237 194 151 220 191 292 289 210 272 295 288 287 198 206 185 254 170 231 182 201 171 243 159 270 154 266 227 203 293 173 228 267 165 225 156 299 217 176 258 234 158 193 162 282 233 207 183 215 241 167 290 260 277 297 180 175 188 242 240 187 214 281 211 235 152 276 178 291 184 248 251
150 190 243 187 273 236 182 271 283 198 247 194 268 274 267 231 259 195 291 244 242 261 154 151 201 250 294 220 240 158 289 234 167 173 228 260 208 164 174 296 168 241 180 202 217 223 275 214 172 286 177 162 205 156 252 281 266 183 199 169 248 285 226 300 232 200 218 297 186 193 245 178 196 206 299 155 277 288 265 181 287 204 191 238 179 270 293 264 235 175 152 262 298 161 171 280 157 257 284 165 210 166 290 278 251 215 189 272 184 276 237 219 203 246 221 255 212 292 258 211 239 216 159 269 209 224 229 225 213 188 263 256 170 233 230 197 227 192 295 185 207 176 279 222 163 254 153 253 160 282 249
150 191 158 192 284 264 276 207 246 194 151 169 226 278 236 254 154 258 237 243 170 283 224 202 220 256 174 281 203 197 177 180 172 168 225 216 164 179 231 185 157 273 239 161 201 228 259 299 242 251 214 178 227 274 262 219 288 173 217 240 229 238 230 213 188 234 272 294 248 199 293 163 282 285 252 298 222 183 190 184 269 279 196 267 166 152 253 297 223 160 156 208 263 209 162 291 233 265 175 204 266 277 280 153 268 171 292 211 295 212 210 271 189 198 200 244 261 270 167 155 296 275 290 250 176 235 255 232 286 221 165 249 257 206 159 187 247 181 289 193 245 287 241 205 186 260 182 215 218 195 300
150 192 196 213 158 181 288 238 269 176 184 204 212 286 245 175 162 197 267 195 231 208 292 298 169 219 177 220 299 283 287 236 185 159 271 182 217 166 218 280 198 199 261 260 203 297 262 300 270 222 247 239 153 173 157 171 187 264 211 281 151 279 265 241 186 230 282 200 246 234 263 188 205 233 274 250 256 257 226 244 178 201 259 243 273 180 223 248 240 252 295 229 183 228 249 193 189 285 296 190 161 167 221 224 160 294 152 251 216 235 170 194 284 202 253 242 276 277 290 154 215 174 210 165 191 163 207 293 278 232 179 237 168 275 289 156 291 268 209 227 272 255 164 254 206 214 266 225 258 155 172
150 193 298 277 294 180 239 162 159 275 184 228 208 258 183 274 246 297 231 249 154 185 293 250 218 192 189 242 244 230 259 284 290 170 278 209 169 223 255 264 203 273 251 291 215 280 216 197 157 195 160 287 269 194 205 243 207 266 187 222 171 253 247 241 151 199 172 279 158 196 238 206 198 181 225 163 292 210 295 167 161 265 174 176 220 300 211 213 190 234 201 281 191 155 168 179 233 236 153 178 252 186 256 289 212 166 221 240 254 177 286 285 257 261 267 182 270 227 288 248 235 262 268 202 165 152 200 224 260 263 232 272 271 226 229 175 173 237 245 299 156 217 296 282 188 214 276 164 219 204 283
150 194 247 252 285 218 197 188 275 295 273 151 209 190 232 277 200 242 165 279 167 164 294 202 206 287 269 238 215 211 257 263 292 239 281 201 260 284 282 177 204 175 154 299 192 187 196 262 186 220 183 231 296 180 219 233 191 268 223 155 230 237 227 249 214 210 246 243 222 286 235 244 259 160 256 248 271 168 253 274 193 251 290 278 158 182 226 213 261 300 267 157 166 152 195 173 162 255 163 159 258 291 203 250 184 179 283 207 298 240 241 276 270 272 280 171 208 172 221 170 288 266 228 205 156 178 265 199 174 254 169 236 217 198 161 224 234 153 189 212 225 181 245 216 264 289 293 185 229 176 297
150 195 153 232 211 216 229 273 172 257 279 179 198 270 246 299 156 177 189 235 151 267 155 253 206 165 161 226 277 215 236 288 220 191 204 163 261 171 228 269 234 181 224 208 254 278 223 259 225 283 258 240 295 197 194 173 296 266 185 280 282 182 285 169 251 157 290 265 272 260 289 162 292 297 217 245 160 193 158 184 231 268 183 196 212 170 221 230 293 192 205 201 152 255 213 178 262 154 294 164 298 281 300 218 167 274 286 222 176 256 203 188 252 202 187 241 159 214 276 291 227 242 186 207 248 210 247 209 263 264 237 271 243 239 190 275 199 168 238 287 174 166 249 180 233 244 200 219 284 250 175
150 196 181 203 231 287 295 296 184 252 294 210 212 229 260 191 209 228 289 269 172 290 164 284 202 256 165 194 226 214 193 207 219 223 261 299 234 237 270 176 177 215 230 156 272 199 246 224 263 178 205 293 175 186 259 200 218 208 188 182 245 273 213 282 169 277 153 173 211 239 262 225 190 179 185 197 157 232 249 154 161 220 254 233 152 292 238 248 189 271 183 217 180 240 274 258 244 275 204 257 162 268 283 286 227 221 281 235 160 266 251 253 216 276 291 222 168 247 279 241 265 163 267 198 243 298 195 285 166 300 280 250 242 255 167 151 264 170 297 192 187 278 155 201 288 171 159 174 236 206 158
150 197 227 238 171 272 244 209 261 212 279 170 298 224 184 240 200 189 178 285 163 198 175 195 168 162 296 243 288 206 246 158 151 255 161 174 205 262 186 193 211 280 292 283 215 223 165 179 287 199 231 191 180 282 214 295 157 233 159 259 249 248 222 220 232 173 294 216 225 253 204 286 194 263 155 185 203 274 160 297 229 201 208 300 290 182 196 251 245 281 257 278 213 177 265 277 190 153 241 166 217 235 247 267 256 273 218 207 181 260 202 254 266 264 293 188 237 210 234 276 270 192 236 291 230 284 164 169 172 299 250 221 258 219 167 183 154 271 268 152 242 275 228 176 289 239 187 226 269 252 156
150 198 160 213 220 277 159 240 258 234 282 279 175 191 260 294 262 295 236 289 288 244 268 270 174 209 280 187 230 267 177 152 165 274 222 221 203 252 182 151 218 259 284 206 179 292 180 204 197 276 287 183 214 243 211 202 246 265 185 297 291 170 225 196 286 299 250 171 164 190 226 154 227 207 172 195 300 254 247 271 245 157 242 273 269 266 162 176 201 251 199 281 239 228 181 215 257 283 272 216 193 194 178 166 263 192 184 217 167 231 186 290 210 223 155 188 241 156 219 200 249 261 253 285 235 208 233 298 232 158 296 163 224 293 212 237 229 168 264 278 169 189 238 161 173 205 248 275 153 255 256
150 199 235 154 220 162 188 233 261 294 219 153 157 238 217 209 197 278 192 254 276 291 234 182 183 227 187 251 297 275 159 175 205 263 262 215 214 249 167 180 184 274 295 242 267 269 266 257 216 169 178 287 289 231 296 195 172 253 290 204 193 300 237 161 230 223 284 191 158 245 218 196 241 292 255 248 165 281 210 200 226 151 208 298 299 258 264 256 212 224 163 198 271 173 168 286 239 222 279 240 160 156 194 202 270 259 243 236 177 166 176 250 181 273 272 152 260 288 225 252 221 155 190 265 280 268 244 283 203 277 179 232 206 228 186 201 282 246 285 171 170 247 207 213 293 164 185 189 229 211 174
150 200 296 159 286 207 241 210 252 237 246 155 214 233 236 244 158 248 191 190 234 240 298 188 221 171 270 231 224 217 196 265 254 157 172 189 273 266 279 269 202 253 169 170 211 275 245 213 277 165 292 259 238 228 268 278 271 274 201 156 295 164 160 151 174 154 283 267 239 257 175 229 225 184 247 289 163 256 209 281 290 173 185 220 167 153 161 204 181 242 192 272 212 276 282 176 205 219 208 264 182 180 232 260 194 299 197 262 258 198 284 215 177 179 300 227 187 230 235 206 199 288 249 226 162 255 216 166 285 222 168 243 218 193 251 186 183 203 250 294 178 263 291 293 223 297 195 287 152 261 280
150 201 164 213 238 270 187 230 240 154 186 203 218 225 287 286 175 179 159 156 180 272 280 251 224 234 282 178 285 243 261 249 236 151 229 174 232 266 269 237 247 274 289 188 194 275 255 276 219 226 248 271 165 278 160 193 198 207 202 260 291 181 161 231 263 206 262 298 250 216 258 162 279 215 252 196 257 264 172 197 284 259 169 222 155 199 223 228 211 227 293 208 166 296 153 195 283 268 300 200 205 217 152 171 210 277 158 185 281 170 212 294 245 220 214 168 256 265 209 191 290 233 235 163 157 299 241 244 184 183 167 173 190 288 204 253 176 246 221 273 177 242 267 192 182 295 292 297 189 239 254
150 202 300 220 269 280 159 298 292 275 235 228 212 216 264 209 231 248 170 276 204 281 168 233 174 210 251 243 186 183 294 163 207 217 245 167 164 287 290 196 262 172 195 277 162 270 155 179 180 255 205 157 260 211 192 177 194 240 191 256 236 187 237 152 296 185 273 249 291 247 263 184 242 158 265 272 259 182 227 297 253 284 218 161 151 169 154 279 181 219 176 178 267 188 254 215 283 221 252 199 203 295 229 213 165 232 246 286 271 289 266 198 171 257 234 189 160 214 274 223 225 261 224 193 190 244 282 201 200 197 173 299 285 230 222 250 241 238 175 156 226 153 278 258 268 208 166 288 293 206 239
150 203 251 191 202 267 236 279 255 259 241 282 205 287 284 177 155 290 197 252 187 254 152 234 299 285 249 237 270 167 198 277 153 176 172 292 296 278 211 281 245 182 165 246 218 238 180 244 248 247 192 295 206 189 283 242 179 158 160 200 195 154 178 291 181 289 217 300 163 274 220 268 239 194 288 297 213 221 265 273 286 272 166 216 235 201 185 212 190 298 199 162 184 204 171 269 232 260 226 256 275 173 276 156 151 174 208 231 164 261 227 159 207 210 293 186 228 215 271 257 219 250 294 209 233 214 243 266 280 175 263 258 230 183 161 264 168 193 196 225 222 188 170 169 240 224 229 253 262 223 157
150 204 187 294 242 230 177 282 225 239 220 252 174 243 157 291 274 172 151 161 275 235 210 258 180 238 166 218 293 233 185 300 217 186 182 296 254 298 262 234 191 231 286 237 156 205 279 178 165 206 250 280 199 248 276 193 196 271 245 152 261 201 284 176 297 278 189 155 200 209 269 195 273 170 153 288 227 179 253 289 246 287 295 223 169 259 164 251 154 277 203 285 208 266 283 270 163 268 299 224 190 256 167 212 162 215 264 181 240 241 173 219 188 214 159 168 236 263 244 198 183 272 257 247 260 226 249 197 228 292 184 171 290 255 175 158 216 202 192 265 281 229 160 232 213 211 194 207 221 267 222
150 205 258 206 160 213 164 235 268 158 246 271 293 181 242 284 240 248 282 256 215 203 245 153 183 155 152 294 195 244 257 285 166 186 233 263 202 276 249 157 296 253 151 277 227 170 165 226 262 254 201 241 154 176 239 238 191 220 259 190 197 299 217 274 287 185 281 193 278 251 283 198 225 297 279 169 290 228 260 178 286 221 295 236 255 237 194 243 266 188 291 298 270 261 172 211 187 264 179 216 273 159 234 250 189 175 207 275 208 223 204 269 200 252 209 196 230 184 212 156 177 168 219 288 224 300 247 265 180 173 229 161 292 171 272 231 222 163 192 280 214 267 167 232 182 210 174 199 289 218 162
150 206 155 271 230 153 234 216 167 203 161 226 188 218 231 157 192 181 247 280 232 273 200 172 272 166 154 197 248 236 241 159 165 199 201 233 289 191 168 179 195 173 160 228 235 213 169 257 296 196 285 297 269 189 186 187 277 215 264 252 184 180 174 178 261 208 298 266 288 156 214 237 171 286 259 253 275 254 219 300 205 274 242 250 152 151 262 287 276 204 267 210 240 244 198 238 283 294 194 265 249 251 256 243 212 284 281 246 158 164 263 224 185 270 229 255 170 245 290 176 221 222 190 163 268 207 225 217 258 293 223 295 175 279 177 202 239 260 282 182 162 227 193 211 299 183 292 291 209 278 220
150 207 181 248 186 154 155 277 208 270 170 234 233 218 255 164 251 163 238 258 171 256 160 212 283 293 282 211 294 223 290 166 222 265 191 189 269 183 206 249 151 247 176 268 195 244 210 232 200 174 297 209 162 165 193 267 266 246 185 173 168 300 177 225 221 219 198 285 236 227 239 153 196 292 188 298 240 287 272 231 295 179 257 259 167 261 213 281 263 253 237 203 264 291 192 286 156 217 284 220 199 245 243 252 299 273 172 184 180 226 201 169 278 205 275 250 229 197 182 157 187 216 235 279 214 152 178 190 161 159 288 202 280 289 254 215 296 204 241 262 242 260 271 175 230 158 228 274 224 194 276
150 208 218 156 195 260 257 206 200 282 295 281 296 256 255 152 272 153 235 181 280 198 223 236 160 204 242 283 216 157 199 243 205 203 188 244 227 291 288 275 273 270 190 161 290 262 191 251 299 178 252 293 300 210 175 151 197 274 174 284 248 266 158 165 217 219 234 225 241 180 211 189 164 170 297 237 294 213 278 215 179 267 192 232 168 176 231 207 202 263 285 187 185 228 277 212 240 239 186 247 177 253 159 289 220 169 193 222 167 214 298 209 271 250 230 287 226 259 245 279 268 229 171 261 246 182 269 201 172 154 162 196 184 166 221 258 194 155 183 173 286 292 254 265 276 163 249 224 264 233 238
150 209 196 212 273 265 231 229 208 300 294 166 240 260 236 217 163 296 221 270 287 250 286 151 283 210 153 238 226 225 183 156 235 262 279 222 285 272 276 298 289 213 263 201 269 223 182 185 237 251 218 232 256 176 224 192 275 268 170 227 242 233 154 204 288 284 177 161 155 297 245 219 280 200 253 174 267 189 162 187 205 175 228 214 257 290 264 152 244 184 291 181 197 246 247 172 188 171 249 243 255 178 191 278 266 169 215 168 281 248 239 254 195 199 198 203 277 160 206 292 274 190 157 295 164 234 299 230 261 167 159 259 194 271 173 180 207 158 293 165 186 211 258 252 202 282 179 220 216 193 241
150 210 232 220 284 159 263 201 211 253 236 250 269 156 235 292 228 193 271 172 291 276 182 195 188 244 290 168 181 185 176 288 208 157 279 223 240 163 153 173 277 245 285 191 254 207 272 268 238 257 246 187 267 280 221 177 160 202 262 217 204 186 184 229 270 200 215 294 252 286 295 224 222 169 273 242 274 226 296 299 261 219 206 152 249 174 155 260 258 298 205 225 194 243 251 281 230 209 241 180 197 237 175 255 179 287 227 183 289 154 216 266 167 166 164 256 265 192 297 162 189 190 283 300 161 278 212 151 264 213 247 196 214 199 165 234 178 282 259 275 203 248 198 293 170 233 239 231 218 171 158
150 211 197 179 256 180 293 166 285 238 252 187 223 217 276 162 221 269 244 168 281 210 158 300 229 263 182 196 270 208 177 220 273 242 279 160 253 255 157 226 154 183 299 156 239 222 152 262 155 258 257 200 278 192 266 234 181 215 249 175 260 230 199 295 264 228 191 218 209 261 189 236 163 274 288 202 188 289 171 227 284 243 195 203 240 250 201 254 297 286 225 235 204 153 161 265 174 259 185 172 277 205 291 193 287 231 280 275 170 213 173 194 241 190 186 271 216 290 268 164 219 159 167 246 267 272 296 176 298 283 198 206 282 294 212 245 184 233 169 292 224 232 248 237 251 151 214 207 178 165 247
150 212 196 163 296 280 186 153 224 221 189 232 263 234 273 183 195 161 225 174 300 227 210 168 277 154 287 157 283 270 288 262 191 199 200 290 233 278 180 268 223 284 217 207 190 259 228 275 201 219 169 241 285 175 188 282 194 269 281 167 264 265 297 294 272 203 229 204 184 171 238 170 293 295 244 159 208 214 298 176 236 254 172 156 162 179 286 299 247 243 218 235 185 291 271 165 279 257 158 230 252 246 182 197 239 181 202 256 260 231 187 289 267 253 258 155 261 237 152 178 245 177 255 166 242 276 209 216 205 160 226 213 151 164 222 206 274 251 220 211 249 193 248 292 240 173 250 266 192 198 215
150 213 212 278 225 238 291 245 255 221 224 192 152 217 185 223 240 272 248 211 189 175 196 227 283 153 184 244 299 199 181 229 222 165 280 289 209 230 177 188 292 250 286 243 265 288 287 267 293 198 180 207 275 247 179 206 252 239 159 253 285 241 264 242 155 214 300 254 282 194 169 163 233 164 200 195 183 284 228 277 216 262 210 273 234 186 237 279 190 178 154 174 294 271 166 232 258 276 187 182 176 160 208 235 170 162 281 167 205 231 296 268 246 298 193 202 220 260 263 204 270 236 203 173 226 157 201 219 261 151 290 266 156 297 295 191 274 172 215 168 249 161 218 259 251 171 256 257 269 158 197
150 214 170 229 218 265 281 201 154 162 224 295 227 235 268 280 296 217 208 253 158 219 161 155 285 225 236 172 177 271 297 175 275 179 292 198 250 230 176 174 188 192 277 252 258 195 249 169 286 178 263 261 197 204 220 239 279 153 293 245 291 237 241 287 274 278 207 209 180 270 262 223 193 216 196 168 199 254 272 212 289 165 189 267 226 203 164 159 151 298 221 186 166 167 213 255 190 234 202 243 290 251 222 300 211 242 284 240 276 210 282 294 184 256 191 248 173 185 283 266 269 247 264 163 228 157 273 171 231 215 205 182 238 200 187 206 156 257 233 260 160 194 244 232 299 183 152 246 288 181 259
150 215 276 154 216 167 166 213 264 222 229 177 176 263 291 217 212 204 210 192 196 255 270 279 234 237 207 175 153 252 185 224 242 244 246 160 299 180 293 285 286 186 287 172 182 259 198 288 170 156 278 189 241 165 169 238 231 195 274 283 191 256 289 205 247 271 277 232 230 265 194 221 267 268 269 240 282 300 158 181 164 151 203 226 155 235 290 266 178 218 236 254 297 243 179 294 163 295 199 262 171 273 253 261 214 211 188 250 248 227 173 159 174 223 298 193 161 197 281 233 245 184 260 225 257 220 228 168 152 208 201 206 209 187 239 296 157 292 275 258 284 183 219 249 202 280 190 200 272 162 251
150 216 250 221 230 249 278 177 163 215 212 232 264 260 251 294 197 289 217 227 244 155 210 231 235 204 272 276 164 241 214 161 170 193 281 172 186 218 282 152 246 239 226 181 225 187 156 286 189 252 154 279 208 222 174 167 153 191 275 293 169 274 162 253 265 237 284 233 283 185 257 248 270 224 242 299 158 256 288 178 201 273 206 247 261 295 203 255 292 209 202 269 243 229 263 184 173 280 183 160 188 236 238 245 228 220 254 285 165 200 258 297 296 171 195 267 268 266 194 182 192 290 179 151 157 234 287 159 180 271 198 207 291 259 240 262 211 199 168 219 223 205 300 277 213 196 166 176 298 190 175
150 217 162 237 288 163 201 231 300 213 284 228 174 179 193 211 296 198 278 292 279 240 212 265 158 189 188 274 249 185 220 272 290 235 252 218 210 230 241 225 172 233 253 161 192 171 242 151 159 232 261 282 219 276 221 153 236 154 297 205 260 239 202 255 299 152 294 203 167 295 263 229 262 160 208 259 245 250 176 207 215 166 238 214 251 178 247 264 180 190 286 248 223 243 191 194 266 234 269 224 246 244 256 287 164 280 216 267 257 285 258 271 204 206 175 183 298 169 273 173 181 184 275 254 268 277 155 157 222 200 170 182 283 227 270 293 226 165 186 291 187 195 209 281 177 197 199 196 289 156 168
150 218 163 219 217 216 192 257 151 197 193 244 165 157 287 155 215 275 200 226 195 295 240 161 194 198 297 255 221 171 187 174 250 227 185 272 211 156 248 238 279 168 288 260 246 190 261 233 170 160 258 247 291 228 158 249 282 281 236 210 180 256 284 225 220 181 278 191 162 269 271 204 237 293 265 285 222 182 243 290 245 164 264 175 186 172 159 176 152 166 224 196 173 207 202 208 298 267 283 300 167 262 286 223 214 268 178 229 212 201 189 252 251 299 280 254 235 289 270 266 183 274 234 203 232 273 188 177 277 153 241 292 276 253 296 169 263 259 154 294 242 205 239 199 231 230 184 206 179 213 209
150 219 204 172 224 252 203 215 275 183 176 232 222 199 158 156 226 293 246 154 165 263 260 177 180 280 225 227 239 223 155 281 209 234 211 276 194 268 259 289 205 228 174 184 178 221 166 197 267 271 278 265 220 159 175 173 272 161 188 257 248 291 213 191 282 249 277 253 190 285 243 244 169 160 192 250 238 164 266 179 235 294 258 212 251 242 214 284 201 153 300 231 247 195 288 181 189 152 206 297 261 200 245 241 287 295 229 196 216 182 157 171 255 218 240 298 286 170 292 193 264 202 290 186 279 167 210 208 237 162 256 269 185 273 168 198 236 270 299 151 262 163 233 217 207 274 230 296 187 283 254
150 220 259 295 298 255 225 205 187 231 268 152 256 234 279 262 217 271 248 190 227 175 297 201 280 228 267 296 275 260 238 219 240 208 172 153 263 278 163 273 213 165 247 154 158 245 174 195 159 168 212 200 180 198 173 283 290 294 300 292 170 291 254 207 265 236 235 196 288 162 156 169 257 226 249 246 232 179 282 266 269 193 253 229 223 261 167 157 222 160 264 281 199 277 178 230 209 237 181 192 285 243 239 286 182 176 151 224 299 155 258 206 171 186 216 233 166 177 251 189 287 214 210 191 197 194 184 244 202 272 203 241 161 215 183 188 250 284 274 221 242 164 185 252 293 276 218 289 211 204 270
150 221 180 169 178 175 227 222 253 241 294 214 252 224 280 187 263 189 271 295 199 269 217 200 160 283 275 285 197 244 203 170 159 268 293 152 213 273 188 232 204 198 196 208 211 177 237 261 151 291 201 278 287 215 156 183 179 162 165 225 258 286 207 281 297 210 174 181 202 255 259 231 173 272 182 296 277 168 219 251 242 212 190 167 274 284 164 205 230 235 279 239 184 233 265 276 262 292 157 163 236 234 246 282 158 185 266 216 267 257 228 256 243 171 206 238 161 240 247 260 248 186 209 223 249 299 172 250 254 270 218 226 194 264 298 290 155 245 193 229 195 300 289 176 192 166 191 154 153 288 220
150 222 250 167 179 252 160 289 169 203 182 221 198 279 285 241 215 172 209 264 164 178 214 258 231 272 157 248 211 187 283 193 185 202 296 260 196 173 277 257 284 226 190 299 158 266 286 220 155 255 208 251 265 174 295 259 181 223 267 232 282 247 213 205 234 262 218 197 229 192 276 292 246 159 195 210 151 175 270 171 273 217 189 199 227 152 180 249 177 194 291 156 237 191 294 183 281 236 256 300 275 207 186 162 253 269 204 201 212 278 163 235 293 288 219 168 268 245 170 216 244 254 271 238 242 297 233 165 154 176 206 243 274 261 224 263 161 239 228 184 240 280 230 225 287 200 290 188 166 298 153
150 223 158 300 241 275 296 289 219 166 277 175 169 256 291 273 177 225 186 261 159 156 299 165 269 168 191 248 230 234 209 284 208 281 172 200 211 243 290 155 293 210 227 244 233 222 265 231 274 224 242 188 183 238 151 254 232 189 154 250 216 164 263 294 182 218 202 201 260 287 167 207 160 205 286 292 279 187 152 206 176 199 253 272 226 214 246 240 178 283 194 170 228 267 295 297 215 280 268 235 255 282 270 278 197 203 195 249 192 229 163 276 180 288 251 257 204 271 184 236 193 181 171 237 196 221 285 259 174 262 217 239 198 266 258 157 220 212 173 162 252 153 161 190 298 264 245 179 247 185 213
150 224 218 298 269 230 278 257 211 171 273 184 217 268 275 250 296 240 253 280 169 276 225 287 165 297 249 291 152 197 232 200 251 176 220 238 254 194 170 178 188 153 172 286 248 189 193 185 281 227 267 226 288 246 236 213 210 161 292 244 229 222 265 245 216 293 266 175 156 219 195 168 183 247 282 295 239 151 284 207 283 262 255 215 290 192 191 258 277 162 163 159 223 264 164 261 186 187 235 206 260 160 198 272 196 180 179 233 237 199 181 203 285 182 274 155 209 166 263 205 300 177 173 201 243 158 271 256 204 234 214 259 190 174 202 221 299 294 167 279 154 270 212 228 242 208 252 157 241 289 231
150 225 187 268 259 168 183 170 233 171 162 201 300 278 294 160 218 297 234 185 254 255 164 299 263 246 285 165 200 198 196 197 245 203 194 163 284 251 274 257 295 182 179 212 204 228 291 277 151 260 252 193 253 178 238 195 241 262 184 177 214 239 275 153 224 205 261 235 211 192 220 169 256 232 279 270 237 288 276 181 222 157 280 173 180 266 186 189 296 210 264 247 265 244 290 155 281 236 272 248 207 154 167 213 216 166 231 190 174 156 292 229 188 289 202 240 271 283 215 293 217 287 223 249 269 206 230 175 219 282 208 176 227 250 161 221 243 242 191 158 286 258 267 298 209 199 273 152 159 172 226
150 226 254 262 259 204 232 236 257 227 268 263 269 292 228 258 157 278 192 260 213 199 166 202 276 179 246 271 153 205 194 250 197 230 223 295 281 294 286 168 282 165 233 169 184 174 249 155 159 275 261 188 264 289 193 211 290 256 225 217 245 296 160 267 222 167 298 209 191 283 208 151 189 291 288 218 156 247 201 203 287 216 195 176 279 241 183 220 273 266 299 251 172 244 285 277 198 162 190 300 214 178 243 234 158 239 270 252 206 265 242 181 253 173 170 187 180 175 255 238 200 297 229 215 186 280 154 196 210 219 274 293 164 171 161 182 284 163 207 185 177 224 152 221 248 272 212 240 237 231 235
150 227 273 257 276 151 168 263 198 215 207 219 242 165 185 183 187 223 280 258 295 156 253 177 244 204 252 251 298 245 291 184 228 153 241 160 201 231 254 212 175 281 196 300 159 182 282 238 233 194 200 216 235 261 270 229 169 218 208 172 275 186 283 265 173 197 202 190 278 230 266 206 262 237 225 269 250 209 155 179 188 271 211 178 224 286 199 289 293 232 246 226 285 213 256 205 284 180 294 274 152 260 268 292 288 221 299 255 162 210 203 259 163 272 176 171 297 158 166 195 220 192 189 277 234 154 222 243 217 290 264 181 249 267 193 170 167 214 174 239 248 164 247 191 279 240 287 236 161 296 157
150 228 154 179 242 255 263 215 252 176 192 266 295 153 274 184 243 201 276 197 226 208 286 202 193 163 203 249 254 183 188 206 190 234 232 294 204 164 253 284 271 216 178 222 219 194 248 244 214 300 181 205 285 224 171 269 207 199 239 288 166 162 198 281 298 256 251 259 291 264 182 186 233 238 223 293 172 270 275 159 165 168 185 157 287 278 170 290 257 213 155 152 277 273 158 262 292 237 195 268 299 227 245 175 156 260 180 279 236 173 241 267 265 169 212 296 280 200 297 246 231 211 282 235 272 225 258 151 196 289 174 210 230 247 161 220 191 221 209 218 160 217 261 229 177 167 250 187 283 189 240
150 229 162 247 156 190 177 295 228 245 203 211 195 220 271 261 158 192 288 159 279 198 298 154 265 290 161 215 227 242 214 260 178 241 194 283 257 173 243 157 258 281 208 188 189 273 152 196 186 225 269 246 270 296 276 252 209 292 204 263 213 264 249 239 168 166 221 151 250 278 163 171 187 172 248 175 234 289 253 191 297 226 182 291 285 274 231 287 299 266 218 160 193 282 236 201 200 272 259 174 167 205 233 202 165 232 180 240 280 184 207 251 216 169 230 170 275 155 294 256 181 300 254 293 267 212 244 197 223 199 176 268 284 238 224 179 206 277 255 286 210 185 222 219 183 262 153 237 164 217 235
150 230 231 203 214 260 156 252 170 245 273 286 163 276 232 205 212 300 164 270 284 174 233 193 282 225 223 250 179 291 259 285 247 248 211 243 187 294 237 196 228 274 251 176 168 204 217 221 200 171 255 157 246 297 298 257 184 152 218 254 159 278 287 172 183 258 288 155 220 201 249 261 241 165 227 192 169 162 275 177 264 178 269 256 292 151 189 268 197 236 281 191 293 185 296 180 206 182 290 283 161 222 295 289 280 199 175 240 272 238 277 154 266 173 166 160 242 188 167 263 181 219 153 226 234 279 158 224 195 299 267 216 265 262 198 208 210 271 202 215 239 235 209 229 253 213 186 207 244 194 190
150 231 159 239 165 174 167 280 242 262 156 225 186 187 240 234 271 210 230 175 179 213 218 192 291 284 270 211 219 282 172 169 245 212 164 198 178 154 185 193 221 244 216 168 265 205 163 263 292 207 173 259 300 255 289 176 272 290 199 246 297 257 160 296 189 182 166 285 273 256 195 180 250 295 196 279 161 206 247 274 171 260 294 261 233 194 293 268 151 264 249 286 241 248 228 258 238 162 217 203 183 220 227 155 236 253 181 275 209 152 197 269 252 288 266 202 299 224 278 200 170 226 254 214 277 287 243 251 201 267 158 153 157 223 204 232 184 188 222 191 283 237 276 298 235 190 281 215 208 229 177
150 232 201 225 180 244 200 246 192 271 272 190 176 273 195 173 199 242 270 163 296 166 280 287 277 208 191 227 197 269 222 171 174 206 156 217 152 154 188 220 263 260 178 151 249 233 229 293 286 252 162 168 297 282 209 290 212 211 266 235 161 167 251 247 265 172 175 207 294 231 261 256 281 159 160 193 292 254 224 169 158 238 239 157 283 289 253 213 240 165 153 177 155 183 214 185 248 300 243 187 170 237 236 198 299 219 182 268 262 279 228 216 179 181 298 205 278 218 274 264 291 288 221 184 267 258 234 275 215 164 186 284 255 210 250 194 189 223 259 241 245 295 202 203 196 285 276 204 226 230 257
150 233 164 236 195 257 281 246 253 156 182 167 215 294 261 173 295 286 154 230 214 220 221 287 157 238 251 284 169 188 229 161 298 232 275 227 289 265 219 297 193 237 277 283 199 171 292 224 245 213 192 266 250 273 194 244 278 247 300 177 159 285 271 225 296 187 180 152 208 186 274 272 211 218 179 174 178 210 185 209 263 217 267 260 165 234 163 231 239 276 264 228 184 212 172 190 168 293 216 151 204 175 160 241 200 166 223 206 205 162 280 256 249 268 269 198 235 291 191 252 242 201 254 240 288 290 189 170 270 226 282 243 248 196 158 181 197 183 155 222 262 255 202 299 153 176 279 203 259 258 207
150 234 155 203 176 253 158 297 200 217 257 225 286 237 287 208 179 154 170 196 201 285 282 163 277 243 174 215 294 161 290 235 229 199 171 166 271 184 263 227 167 275 195 266 245 268 157 295 289 219 187 216 156 206 254 162 224 279 181 164 270 218 152 190 207 180 283 222 165 194 281 259 280 191 151 247 274 197 193 226 261 300 220 212 175 213 284 230 299 209 262 211 236 173 298 242 249 183 291 159 182 231 252 205 223 293 269 160 292 241 239 232 240 256 192 260 169 272 248 202 153 177 238 276 233 221 185 228 267 278 244 172 265 204 178 168 258 186 251 296 255 246 188 214 264 210 288 250 273 189 198
150 235 186 277 258 177 191 159 266 174 255 278 201 210 283 239 206 253 236 155 156 230 265 224 285 273 170 198 163 256 241 169 243 223 217 185 275 289 208 180 152 172 279 205 260 294 165 286 187 263 249 178 154 194 167 168 181 171 151 193 293 271 188 215 232 183 164 204 175 245 254 237 197 257 214 219 274 222 282 203 276 200 220 298 234 160 281 287 280 297 291 207 252 216 295 247 250 299 238 292 296 166 251 246 182 229 300 202 242 209 240 161 259 269 196 192 272 267 261 179 195 288 199 173 284 153 233 184 221 262 244 226 212 231 268 227 248 189 162 176 290 270 264 157 190 158 228 211 225 213 218
150 236 225 184 152 181 208 168 246 159 265 170 192 156 217 165 166 196 179 205 293 215 230 263 163 289 294 247 298 169 280 287 249 173 292 214 197 172 220 198 262 279 239 268 213 153 229 216 204 190 244 281 232 243 282 288 264 290 151 211 161 206 277 267 154 209 162 248 291 186 275 202 300 194 177 276 193 178 299 212 185 227 203 210 242 155 241 223 266 189 199 238 175 256 261 251 231 228 187 224 237 164 258 167 226 171 252 257 260 176 201 285 296 274 219 297 269 240 235 200 272 259 182 255 158 183 157 221 250 207 218 270 283 234 233 286 245 195 273 278 284 191 271 254 295 253 188 222 180 174 160
150 237 274 171 228 272 205 296 192 241 226 196 295 227 151 176 292 208 285 250 194 177 207 282 186 213 197 178 286 161 193 174 293 263 290 238 181 209 152 300 220 191 298 235 269 163 278 201 262 185 281 166 294 266 217 242 225 160 268 195 204 279 180 283 280 287 159 222 155 299 202 256 167 259 188 252 175 187 153 198 183 270 233 257 267 199 216 165 260 276 224 253 288 182 184 264 248 297 289 218 255 273 284 244 168 230 254 251 179 261 215 210 277 172 200 249 211 271 170 154 246 162 212 232 236 240 164 169 158 247 245 173 157 265 221 291 229 258 214 206 239 243 156 275 223 231 190 234 203 189 219
150 238 246 283 284 189 274 252 201 290 244 292 200 167 169 261 191 297 286 299 219 207 260 158 296 251 289 234 222 220 209 253 155 255 178 229 179 180 271 187 293 242 226 174 241 186 262 248 154 245 270 218 193 157 192 195 197 254 232 213 170 273 266 203 288 161 298 165 269 211 160 249 237 156 185 210 163 173 267 152 175 181 153 228 291 217 194 224 280 196 233 151 285 272 188 225 227 190 263 240 259 172 230 265 282 264 281 277 159 256 184 258 287 239 268 212 177 279 247 231 182 243 206 214 223 294 208 275 198 278 199 202 166 183 216 236 235 257 176 276 168 171 215 204 205 300 295 164 162 250 221
150 239 227 290 169 255 182 250 228 234 220 222 256 240 163 230 190 164 213 289 278 246 212 296 185 247 189 165 235 197 277 224 276 286 203 294 153 225 292 211 288 217 283 180 275 266 191 170 200 245 242 273 293 183 259 260 297 284 181 159 232 274 298 285 216 178 219 205 188 253 187 221 215 176 300 168 231 173 270 229 161 226 162 193 194 204 267 264 279 282 262 207 154 233 223 152 171 175 209 157 218 299 158 192 195 280 272 252 184 268 214 241 172 291 236 202 254 295 287 258 179 166 155 261 196 177 199 257 186 251 167 248 198 271 244 237 249 156 243 160 151 238 174 281 206 263 269 201 208 265 210
150 240 281 252 251 205 208 263 234 248 298 237 151 206 170 171 244 284 245 218 286 296 295 192 203 255 300 180 235 178 231 241 162 176 256 297 177 275 152 246 179 268 250 291 210 288 283 168 259 260 269 287 173 199 253 267 278 215 242 201 299 225 272 200 186 198 155 222 164 213 229 238 220 185 227 160 182 167 228 273 254 219 189 264 239 276 243 290 207 216 194 169 226 195 163 289 233 190 271 197 274 236 158 223 247 212 166 153 161 209 270 257 232 202 181 154 277 282 214 249 172 258 191 204 230 187 188 156 184 196 174 193 165 293 183 279 265 157 261 224 292 217 175 280 266 262 221 294 285 159 211
150 241 276 195 231 271 186 297 255 179 224 230 287 223 188 189 212 240 248 290 284 280 249 275 262 208 243 180 165 183 213 283 257 154 184 153 296 250 289 234 258 181 151 185 198 215 285 237 206 266 205 163 226 158 261 277 253 263 211 291 233 232 286 267 252 273 217 279 192 282 294 299 176 178 247 175 193 199 300 259 225 265 204 194 270 166 216 246 196 157 159 238 161 219 228 200 167 218 244 191 172 190 170 197 272 236 203 174 245 229 214 177 264 155 182 227 242 269 162 256 288 251 278 222 221 152 235 187 268 295 156 169 210 239 274 164 298 220 209 281 292 207 254 160 173 202 171 168 260 293 201
150 242 194 291 201 261 230 239 253 289 271 229 162 187 286 160 283 281 268 247 258 227 184 185 163 205 233 191 151 189 216 297 213 276 168 209 177 197 299 153 237 178 290 285 222 240 243 172 171 195 278 248 164 204 220 167 199 166 231 161 282 288 244 186 272 225 267 265 250 179 180 257 226 173 251 270 210 224 254 152 249 158 208 287 188 215 211 235 277 159 269 295 214 190 266 196 192 279 198 169 182 274 234 293 259 298 241 292 183 296 165 245 228 218 207 221 262 246 223 232 273 156 219 256 193 255 252 181 300 154 170 175 280 212 238 200 236 155 264 284 202 157 206 275 203 176 260 294 217 263 174
150 243 156 199 264 265 183 151 219 261 161 267 176 231 166 189 226 279 250 299 272 280 188 296 186 217 222 289 288 165 153 169 262 180 233 268 162 163 211 160 224 285 253 212 179 192 206 269 164 155 282 218 241 273 294 286 284 278 254 181 242 197 232 287 240 205 225 293 300 196 252 295 157 195 173 257 290 297 245 292 216 185 260 236 274 251 194 229 249 283 221 275 215 298 235 238 248 201 281 277 200 239 158 187 207 259 209 204 159 258 177 291 184 170 230 256 213 202 154 234 266 175 190 168 152 208 174 270 227 182 263 223 247 237 271 167 246 276 193 244 178 210 172 214 228 203 220 171 198 255 191
150 244 157 172 295 298 277 264 158 240 253 263 299 261 272 184 228 159 227 187 192 236 194 238 273 161 256 185 200 222 271 211 279 197 201 213 289 217 171 269 245 182 230 300 225 292 282 223 237 267 288 268 274 189 163 259 153 262 176 186 166 294 174 233 207 193 208 286 198 177 224 212 234 221 283 280 242 252 155 165 156 178 243 219 239 214 168 246 276 232 204 285 164 231 206 175 254 251 235 293 162 215 220 270 258 190 226 202 179 266 297 229 180 151 183 290 209 287 191 152 241 218 275 173 255 167 257 250 216 248 195 291 260 210 160 196 203 284 296 188 170 278 181 205 154 249 199 247 265 281 169
150 245 222 251 261 161 210 243 232 297 298 226 275 227 175 281 188 262 162 185 266 264 295 189 177 259 284 209 171 216 288 240 267 204 220 163 273 246 279 187 191 280 179 244 238 159 160 202 174 173 237 196 214 223 181 249 198 219 203 231 265 164 169 287 183 158 239 278 155 283 215 167 300 233 229 206 199 289 255 157 242 257 270 277 201 152 192 153 211 250 166 221 190 218 253 224 182 217 195 197 180 165 225 236 154 256 271 285 286 176 151 294 156 207 168 292 260 299 193 178 268 241 263 228 184 274 212 269 293 276 235 205 290 291 296 208 186 172 170 252 234 213 282 272 247 194 230 254 248 258 200
150 246 248 172 218 217 233 267 184 299 256 276 162 282 280 240 281 176 223 175 297 170 181 242 169 239 279 243 183 291 195 298 252 274 202 293 207 208 198 164 262 265 266 209 199 278 154 189 166 204 251 255 151 295 264 244 173 249 165 156 296 155 287 258 153 229 234 167 268 190 224 197 300 284 161 231 232 283 294 277 157 159 263 225 163 230 216 178 260 179 253 254 180 292 257 238 247 241 289 194 201 261 185 192 205 285 270 174 191 250 273 259 220 235 222 196 275 227 203 288 215 226 186 160 193 290 237 200 269 272 245 206 177 286 214 187 210 158 213 221 271 228 236 211 171 168 212 182 152 188 219
150 247 178 255 248 234 294 274 257 258 155 221 192 284 262 197 270 238 298 200 215 210 164 283 203 182 264 213 214 236 163 300 266 199 232 278 286 222 161 299 291 189 296 293 231 167 160 288 263 207 216 269 252 158 244 235 251 245 233 180 170 292 194 289 295 259 165 281 211 229 205 277 230 249 172 162 193 242 256 159 268 168 171 154 253 179 190 181 240 176 250 271 196 220 202 265 218 267 173 208 275 185 225 246 184 183 243 282 285 287 209 224 152 273 227 280 151 177 241 239 195 228 156 166 260 223 186 212 187 219 175 226 272 217 174 290 276 191 254 297 169 198 237 157 206 201 204 188 153 279 261
150 248 223 190 206 241 211 297 233 186 187 265 294 251 295 152 289 277 276 229 275 157 193 224 257 279 151 258 217 260 218 208 181 171 299 221 227 163 197 287 286 195 267 175 236 215 283 198 159 170 254 250 256 244 230 173 271 185 207 270 234 293 268 180 292 255 252 232 209 291 174 298 161 285 199 160 165 172 278 216 284 272 266 235 290 262 247 225 200 188 220 153 205 196 264 237 296 169 300 228 178 156 176 282 249 179 231 263 162 155 154 158 182 242 281 204 243 189 226 191 259 245 274 222 184 273 192 164 239 219 201 238 203 167 269 166 194 246 213 261 240 177 280 202 210 212 168 183 288 253 214
150 249 262 280 271 220 179 264 269 208 229 187 216 243 240 268 236 242 169 192 175 230 244 184 253 180 219 171 163 177 190 196 285 226 189 160 260 224 157 300 296 238 225 279 263 231 198 161 294 293 155 154 291 201 248 181 206 195 227 267 276 207 168 237 251 272 213 256 277 265 255 174 218 290 252 250 270 221 210 158 235 259 233 295 193 232 245 297 209 172 200 287 159 282 199 173 278 178 164 214 152 234 153 273 274 211 247 261 191 222 165 228 203 215 298 281 292 258 170 162 194 183 223 289 167 151 241 288 176 186 257 156 275 254 204 284 188 299 166 202 197 266 286 246 283 212 185 239 182 205 217
150 250 270 277 213 240 164 248 231 177 249 193 207 211 183 274 151 195 197 196 253 244 237 158 178 185 220 280 268 265 262 159 276 175 279 171 203 190 236 176 294 232 269 192 184 214 225 289 157 224 218 162 179 229 174 206 242 198 284 205 233 166 215 221 227 210 170 261 247 155 256 156 182 241 152 160 278 295 252 271 228 200 201 219 181 239 257 230 234 167 272 165 194 188 217 226 245 281 288 283 273 180 264 216 199 251 293 259 222 168 202 169 260 275 173 254 153 235 290 161 287 243 292 297 263 266 187 246 172 212 163 298 299 282 154 296 208 258 189 267 204 285 255 191 300 286 209 186 238 223 291
150 251 285 233 230 262 221 167 257 226 245 161 223 164 222 184 281 204 268 177 249 255 224 291 289 284 163 297 290 273 152 172 191 280 231 193 216 166 244 180 263 275 259 186 296 214 288 232 153 243 160 217 202 279 170 270 271 250 238 196 241 192 239 286 242 156 300 188 283 155 176 197 272 178 207 260 195 198 209 247 206 181 203 171 277 254 158 298 165 248 234 267 213 159 252 278 274 269 219 227 253 235 246 299 189 293 212 295 190 185 187 194 265 266 287 175 200 201 162 182 218 179 229 256 228 157 174 236 225 154 276 264 292 208 282 169 168 220 210 258 215 173 294 199 211 205 237 261 151 183 240
150 252 259 196 243 268 214 257 260 263 278 152 153 225 156 204 261 292 254 280 198 176 241 250 215 271 237 167 189 177 298 234 218 282 290 181 297 206 180 236 166 272 201 286 287 279 296 188 275 226 258 179 220 164 281 211 168 228 173 178 221 248 283 251 217 209 175 195 264 190 224 256 231 255 245 288 192 174 293 169 172 161 269 171 285 155 203 247 238 187 162 246 232 213 276 291 183 262 267 229 265 185 205 184 157 239 227 200 240 202 197 289 235 284 199 193 266 295 253 159 300 208 170 210 270 222 249 182 274 219 186 216 299 273 244 242 233 294 191 165 160 230 163 151 207 158 223 277 212 194 154
150 253 254 192 211 218 261 289 162 168 217 167 255 195 178 243 227 203 183 184 159 293 258 219 189 267 199 164 276 271 201 298 251 221 187 286 151 278 220 180 175 156 171 279 291 272 239 232 197 190 240 269 292 268 214 280 188 265 249 283 241 198 224 259 256 270 277 300 186 200 260 205 223 288 179 215 154 225 152 262 206 160 158 294 281 228 173 216 166 257 212 284 161 297 191 263 238 266 181 182 287 236 296 204 169 174 250 273 196 290 233 282 235 295 153 230 193 176 229 237 248 226 163 157 299 165 210 247 242 275 244 208 155 245 185 213 222 285 264 202 274 252 172 177 209 246 194 231 207 234 170
150 254 226 284 189 291 251 257 233 170 206 211 172 164 247 300 278 290 274 182 245 155 221 223 196 229 175 192 163 241 169 217 269 260 195 165 287 243 280 232 184 220 264 279 152 188 252 204 171 273 234 197 208 293 201 200 288 228 253 186 285 179 231 218 162 286 296 187 266 240 202 267 294 271 242 275 166 263 167 238 193 239 222 154 173 248 214 227 174 272 249 194 153 151 203 298 281 261 213 160 250 289 157 212 268 191 283 199 159 297 255 205 177 183 181 190 168 210 277 207 258 178 236 244 259 292 230 216 282 185 237 198 270 224 262 256 225 265 156 209 176 219 161 276 180 215 246 295 158 299 235
150 255 293 234 280 242 249 261 285 161 284 176 160 232 202 239 196 244 199 282 164 283 191 195 208 215 162 269 288 174 273 245 271 224 287 206 268 204 170 193 210 251 240 171 230 289 219 267 154 203 300 190 186 209 200 222 173 260 278 228 156 256 281 241 237 155 225 274 188 167 187 213 181 292 205 290 216 169 252 246 185 194 248 266 159 227 258 223 151 296 272 198 201 183 172 233 211 264 157 247 262 226 263 276 189 286 168 238 180 297 257 192 158 275 231 182 236 153 243 229 212 152 235 291 163 221 299 253 265 220 298 277 279 165 207 259 178 254 184 218 214 197 295 250 294 179 270 166 175 217 177
150 256 205 154 177 275 288 267 201 179 281 276 196 190 192 223 232 234 203 214 175 218 212 296 224 173 282 200 155 165 208 257 266 236 238 195 250 185 240 188 255 178 235 191 252 216 294 158 237 189 183 263 153 268 299 160 172 254 249 169 180 182 176 194 228 226 221 161 274 272 259 292 290 186 220 164 151 244 271 291 286 285 222 215 233 206 295 225 242 258 231 197 193 204 243 166 265 280 184 219 284 300 260 171 270 198 293 163 277 210 297 162 213 159 217 209 230 278 269 152 245 227 248 157 261 247 253 279 187 264 283 170 167 241 239 211 181 289 298 229 199 246 202 156 251 168 207 273 262 287 174
150 257 266 288 236 156 174 219 271 269 204 217 167 222 184 200 186 226 274 278 185 287 180 270 207 237 158 293 233 214 294 169 291 247 275 213 284 285 254 255 177 299 151 264 175 182 276 239 277 298 160 215 163 260 197 179 265 292 228 281 224 172 152 249 194 267 178 251 223 286 246 300 211 203 289 210 199 259 166 188 190 212 181 235 154 232 241 230 252 162 282 164 256 170 253 240 189 229 161 244 192 209 201 279 250 261 243 168 238 248 262 216 195 193 221 176 296 258 290 263 280 205 153 295 231 165 273 183 196 225 155 159 187 191 218 202 171 173 268 220 242 245 198 234 206 272 283 297 208 157 227
150 258 163 293 195 208 165 254 289 300 209 205 204 220 207 294 230 188 233 297 183 252 168 242 267 251 292 291 256 262 244 285 264 194 278 192 182 249 257 248 173 167 198 214 239 226 201 154 259 280 273 169 189 223 229 286 203 177 191 218 160 215 272 287 277 155 199 200 284 225 176 290 271 185 175 170 235 279 158 240 153 241 247 236 275 152 151 156 197 174 224 245 265 283 157 237 159 179 298 172 260 296 266 216 243 274 232 193 270 212 219 166 263 253 171 221 184 231 222 250 268 217 299 186 162 269 211 288 227 181 282 206 178 164 196 234 295 255 281 213 238 161 246 276 187 190 180 202 228 210 261
150 259 251 160 271 237 226 297 190 266 256 211 285 176 173 172 163 191 249 222 219 268 177 241 228 179 180 199 221 245 274 151 175 253 229 247 232 280 218 235 295 152 283 156 258 155 183 182 217 181 242 289 234 198 153 282 167 157 263 276 243 279 178 267 260 188 269 200 294 197 206 227 275 291 212 257 265 215 225 284 224 270 231 296 170 159 250 208 164 287 169 277 288 174 286 213 236 230 254 214 233 240 209 220 162 273 158 223 252 261 202 299 204 165 238 168 272 264 255 189 293 292 281 201 262 278 244 203 290 154 216 187 194 246 186 239 300 207 195 185 184 192 298 161 166 193 205 248 196 210 171
150 260 278 236 268 228 240 281 274 213 265 262 192 221 259 178 225 179 205 235 257 152 175 168 241 234 289 186 245 229 222 214 187 288 198 154 180 197 239 181 216 276 243 224 223 159 256 184 244 270 287 201 218 263 266 252 269 162 217 285 254 208 233 247 193 155 227 215 264 248 296 169 191 242 210 196 164 212 299 190 249 250 209 261 206 226 200 220 231 251 294 267 238 275 297 292 232 170 298 203 283 167 158 280 166 272 156 160 219 194 255 295 211 230 293 171 161 202 277 163 271 174 199 207 189 183 195 253 165 290 246 151 279 284 273 204 185 182 173 157 286 188 300 153 176 172 282 237 177 258 291
150 261 235 192 265 290 293 239 173 287 289 246 157 291 160 164 228 175 165 218 227 238 298 271 250 217 268 224 296 184 211 288 215 158 176 255 262 266 169 225 180 247 153 159 272 216 213 270 210 183 199 223 207 202 282 181 285 195 269 251 281 267 240 259 276 177 275 214 171 257 186 188 163 242 204 258 264 236 229 300 193 201 187 237 170 244 212 189 197 256 162 179 222 279 295 191 194 208 252 254 166 190 152 221 231 253 284 245 233 155 172 263 198 230 260 278 241 203 243 156 185 161 182 151 167 299 220 178 219 273 209 206 200 205 283 234 286 154 248 277 196 292 226 174 297 280 168 274 232 249 294
150 262 189 248 246 240 289 298 223 163 274 206 234 196 287 286 231 171 226 156 228 207 291 209 280 180 257 202 192 229 200 212 233 266 269 290 198 161 273 216 220 242 267 238 204 259 255 292 237 215 277 182 285 224 188 299 190 279 275 167 243 217 162 186 271 254 297 288 170 177 203 174 211 168 244 179 191 222 256 210 270 295 205 250 239 284 169 183 214 208 193 258 195 201 151 194 296 265 276 251 252 278 178 294 236 218 152 281 199 263 187 227 282 232 165 166 181 184 260 225 245 253 230 153 283 175 160 159 293 154 241 155 185 221 157 235 213 247 158 249 172 261 300 173 268 264 272 197 164 176 219
150 263 251 242 236 152 204 289 206 169 250 223 253 272 270 199 173 255 244 210 234 232 297 248 276 235 227 160 214 241 273 296 299 213 283 275 226 264 230 170 231 203 280 243 239 182 245 247 293 165 179 284 194 233 246 261 186 174 163 221 154 237 187 198 171 282 178 197 269 257 207 153 185 266 166 158 167 209 290 217 196 281 215 161 175 229 168 294 189 285 224 184 271 193 279 265 278 219 218 287 225 211 156 180 205 151 220 222 216 176 201 164 268 300 286 192 291 200 262 162 228 254 188 177 252 212 195 295 288 238 277 292 155 240 267 258 249 190 157 159 202 274 183 172 181 191 260 259 256 208 298
150 264 265 272 202 298 281 280 297 224 262 176 283 241 165 184 213 201 287 198 267 229 214 296 279 271 261 277 156 169 288 273 209 251 275 183 248 163 180 157 286 192 244 299 170 194 235 167 231 162 260 206 211 228 257 172 182 216 152 276 242 168 161 188 217 263 250 300 258 199 187 178 227 234 207 239 193 221 210 240 186 177 215 252 284 282 190 166 174 175 200 295 246 225 153 197 274 219 253 159 293 266 259 245 290 195 238 164 247 179 218 185 278 212 191 222 254 203 233 268 154 204 249 189 173 237 205 171 208 155 223 226 236 230 158 270 160 256 269 151 294 285 232 291 196 243 255 181 289 292 220
150 265 161 184 279 204 207 208 229 152 295 223 173 248 300 217 246 219 260 263 178 196 296 280 209 221 298 254 163 247 278 206 167 257 293 212 218 290 227 288 195 157 224 276 239 153 193 201 151 286 253 177 210 242 292 262 172 289 294 191 162 285 228 272 225 190 187 268 238 215 166 159 180 283 197 271 202 259 171 203 155 250 226 174 236 251 281 170 194 183 164 241 188 299 256 185 213 198 154 235 156 176 186 255 275 274 264 244 240 230 181 232 249 282 287 158 233 216 211 237 284 270 192 179 273 169 291 222 182 168 277 261 267 200 205 199 258 231 266 214 243 175 252 165 220 189 297 234 160 269 245
150 266 229 264 168 157 188 169 187 225 183 216 257 243 186 294 286 176 289 258 164 262 297 281 277 193 236 273 198 224 175 161 238 172 233 291 232 179 158 246 265 170 201 269 205 242 252 276 279 206 192 244 177 274 195 182 231 180 288 209 153 162 167 285 200 256 191 249 154 271 248 159 228 197 181 151 174 210 226 300 214 263 295 203 284 208 255 230 296 278 223 185 283 155 227 213 260 253 267 218 219 212 166 204 275 202 163 215 245 239 220 280 241 287 261 270 259 234 250 184 298 293 247 299 199 160 237 173 217 254 156 196 268 272 235 211 190 251 178 189 222 165 152 292 221 171 290 194 207 240 282
150 267 210 229 230 204 190 214 202 280 232 298 181 253 221 276 196 169 172 231 206 177 198 263 222 217 275 259 247 152 288 212 250 220 258 189 252 240 286 225 238 180 185 173 209 178 182 166 208 254 271 162 203 215 156 191 295 164 289 274 266 167 234 277 261 163 184 151 197 249 283 273 297 199 155 241 159 195 227 244 278 269 292 291 205 192 200 255 179 168 158 293 264 284 193 161 219 265 279 188 272 300 246 213 236 251 218 242 260 268 216 299 235 201 186 245 287 257 226 262 224 176 154 256 294 194 233 153 243 281 211 296 248 174 160 285 175 183 187 170 270 228 223 207 237 165 290 171 239 157 282
150 268 269 290 199 283 206 217 272 275 153 263 211 250 282 256 234 258 187 156 219 291 161 266 209 182 188 175 278 181 296 212 281 271 171 252 253 163 220 249 197 222 201 172 196 286 251 237 155 194 257 177 164 162 200 284 226 213 202 223 255 294 221 300 279 292 232 254 239 224 198 228 241 230 229 225 289 189 297 262 173 159 227 178 191 267 170 210 151 165 280 179 203 287 204 293 214 166 245 265 215 285 190 298 288 277 193 273 160 261 180 205 247 236 233 186 174 158 207 243 157 248 176 264 259 231 154 274 244 192 195 299 167 235 240 184 185 276 169 260 152 183 208 242 168 246 270 238 216 295 218
150 269 252 154 202 187 182 242 271 260 177 194 209 299 239 170 222 256 196 163 230 229 217 231 265 156 282 201 254 213 158 248 189 270 228 174 211 198 234 287 185 283 249 162 272 181 204 176 188 261 212 277 186 289 286 293 190 276 225 205 175 292 227 281 157 236 250 251 263 253 169 268 206 233 180 215 246 195 197 178 221 296 179 232 216 155 151 278 171 291 235 224 240 153 218 298 220 226 219 259 159 164 243 262 245 266 208 280 165 203 290 160 167 184 264 279 274 241 172 199 192 300 207 273 200 244 294 237 257 168 223 210 284 267 285 255 161 288 183 173 297 275 238 258 191 166 193 247 214 152 295
150 270 273 204 268 177 241 182 155 261 250 251 196 289 178 218 176 279 197 200 183 187 154 242 300 215 167 297 284 274 208 205 227 168 277 228 259 211 166 294 212 171 198 281 237 157 232 222 271 293 195 264 184 248 282 170 201 276 190 219 240 257 253 226 230 234 266 245 283 159 220 213 175 291 256 299 162 188 286 295 153 243 186 239 265 263 179 152 246 163 214 235 288 160 238 156 267 292 269 296 169 272 260 224 275 209 255 161 189 233 192 278 174 298 151 225 173 280 223 252 193 164 247 180 191 231 207 172 216 158 181 229 203 210 202 236 221 165 290 185 262 244 285 206 194 249 217 254 258 199 287
150 271 263 224 215 268 180 154 294 256 296 272 278 188 177 207 273 234 228 202 176 184 192 164 206 210 178 168 231 229 257 253 196 289 200 203 238 286 156 235 199 243 211 157 246 299 160 290 152 191 169 258 159 162 213 214 222 208 248 197 170 151 233 291 255 297 186 287 165 227 174 264 155 283 298 240 266 230 216 181 242 237 280 182 279 241 251 293 221 276 153 247 204 232 284 195 260 236 175 212 171 259 209 288 281 295 218 223 250 172 277 265 179 261 201 282 285 167 187 205 163 249 270 193 262 194 226 173 158 161 254 220 239 274 219 245 189 275 190 198 300 267 217 185 183 225 269 244 252 292 166
150 272 153 254 195 180 238 154 251 261 265 235 186 282 212 273 275 198 161 231 292 245 170 240 268 214 246 183 188 226 216 260 274 196 208 266 182 264 248 175 163 242 178 252 174 190 239 299 285 204 241 298 256 223 249 158 194 237 287 288 229 168 191 218 300 219 270 289 172 193 197 213 189 207 222 167 179 247 286 281 280 296 206 155 294 173 166 295 253 277 192 162 233 171 176 244 243 234 278 271 255 215 232 224 205 291 263 297 225 258 290 181 157 276 209 250 283 220 165 203 293 217 185 262 164 169 228 184 201 211 156 160 187 257 227 230 279 200 210 267 236 151 269 284 177 199 259 159 202 221 152
150 273 180 159 206 161 256 173 165 212 223 231 160 295 200 210 236 274 258 264 229 194 285 254 179 272 157 167 248 172 280 245 164 163 269 292 190 283 238 185 171 168 260 155 198 207 214 158 293 255 282 270 276 239 275 242 298 228 215 189 199 169 235 253 218 152 281 174 187 175 221 208 247 188 216 287 204 261 252 257 240 297 289 186 183 277 268 232 259 300 197 181 191 225 162 219 243 217 222 251 203 271 202 177 151 234 294 286 166 226 265 249 211 290 213 267 263 291 246 244 196 209 176 241 220 192 156 299 266 224 227 182 296 233 284 205 230 184 178 250 193 288 278 237 279 153 154 201 262 195 170
150 274 249 237 167 232 152 299 201 260 271 294 228 198 233 231 239 206 295 200 247 282 290 269 194 275 293 227 285 186 181 270 278 256 205 212 300 183 281 185 161 235 257 251 276 177 188 197 242 284 156 250 241 199 224 273 226 230 195 214 159 289 174 297 222 203 176 252 268 220 246 180 208 292 296 240 234 229 261 217 154 169 209 248 216 236 196 253 168 192 175 157 170 263 298 182 266 173 171 164 243 245 238 255 244 207 221 190 204 267 223 262 259 219 283 202 193 189 153 213 218 162 265 184 155 178 280 187 160 210 172 151 165 291 264 163 225 166 211 277 179 279 288 215 287 191 158 286 254 258 272
150 275 223 255 174 258 241 261 239 286 207 280 256 238 193 253 208 296 171 151 204 172 201 175 264 154 245 203 259 155 270 218 236 194 277 279 221 215 276 210 265 189 269 254 285 202 262 197 247 192 300 225 248 293 228 187 216 233 251 227 282 299 152 157 234 196 292 160 283 271 278 267 298 257 165 288 159 287 205 166 294 268 169 240 231 260 209 180 200 177 244 272 181 246 164 163 173 213 217 219 168 243 273 190 178 156 198 184 284 252 249 183 274 250 237 212 229 242 281 232 214 235 206 220 195 158 188 226 224 290 162 185 179 170 176 161 230 167 289 186 191 295 222 297 199 211 263 153 266 182 291
150 276 299 235 168 242 300 240 167 245 287 209 238 155 219 226 161 252 284 256 278 231 232 258 216 193 160 203 220 213 250 169 198 195 297 224 270 210 205 202 239 173 170 228 260 289 259 180 254 157 279 151 186 243 266 176 208 171 230 264 166 236 217 196 233 285 221 212 197 174 165 194 272 172 253 241 163 263 275 257 237 290 223 225 282 182 201 268 298 207 227 246 177 181 206 269 294 159 190 265 244 249 162 286 191 204 188 255 189 154 152 247 184 288 187 229 192 215 273 248 261 274 234 153 214 158 251 280 185 283 211 293 291 295 179 199 183 277 271 178 292 281 267 262 164 156 200 218 175 296 222
150 277 152 274 256 259 201 253 252 171 295 218 297 197 230 173 268 279 264 163 169 200 242 211 236 220 184 285 151 176 199 272 276 255 174 261 270 164 168 216 258 158 294 291 292 188 239 225 228 159 156 160 300 191 243 244 281 233 175 212 229 245 196 202 179 208 271 240 247 205 296 221 226 161 206 213 241 267 167 260 299 210 265 263 266 172 198 182 195 166 219 237 290 180 192 190 194 170 286 231 204 282 217 250 215 203 177 153 289 222 278 238 178 162 273 223 280 246 224 187 248 275 251 189 234 207 193 209 283 181 155 185 227 165 262 287 269 157 288 254 154 257 284 235 293 186 232 298 183 249 214
150 278 190 189 202 289 236 172 265 159 168 252 162 210 171 230 223 295 204 256 203 244 153 151 248 212 272 188 263 155 193 160 267 232 285 261 194 217 205 200 280 293 291 196 254 201 255 257 199 253 237 297 271 245 235 227 296 185 283 275 222 176 221 276 260 197 183 277 157 287 281 250 180 166 284 240 282 249 167 233 211 218 298 178 300 182 156 269 154 198 234 174 216 179 219 175 239 192 279 195 169 225 213 242 288 290 191 238 229 294 246 264 177 224 163 208 259 292 184 268 152 228 247 209 164 243 187 241 231 274 215 186 273 266 181 262 158 214 207 258 173 299 206 286 170 251 161 165 220 226 270
150 279 218 239 287 244 194 212 225 300 278 210 199 298 273 263 195 252 178 290 275 256 169 206 262 295 168 267 191 285 261 190 182 216 220 154 260 293 237 164 254 204 226 259 196 161 183 171 207 197 205 174 221 282 274 160 296 203 175 155 241 181 288 211 180 222 249 176 250 276 294 151 238 271 159 153 166 266 157 257 193 297 236 189 258 242 219 224 186 156 247 192 264 272 251 228 291 289 248 229 213 165 177 234 245 231 209 208 179 286 243 284 277 232 163 185 172 280 235 201 227 223 184 255 215 269 246 265 268 240 292 158 170 214 233 188 187 152 283 270 167 217 281 253 200 202 299 162 198 173 230
150 280 285 221 222 233 287 246 263 297 206 187 298 173 277 220 267 288 268 282 165 228 279 271 195 273 291 157 247 259 192 180 175 232 248 169 163 240 213 200 278 237 261 251 255 170 215 153 272 292 161 189 201 224 152 202 188 171 181 212 284 300 191 294 269 199 164 166 226 176 174 256 245 197 178 241 194 196 204 249 219 207 266 183 179 225 211 274 296 253 172 198 289 264 168 186 290 217 190 265 252 167 205 156 239 193 254 223 210 231 262 151 229 234 270 242 177 230 257 182 208 203 162 281 185 238 283 218 236 154 184 216 244 158 299 275 260 243 155 235 258 160 250 159 295 286 293 227 276 209 214
150 281 204 288 168 254 289 239 262 194 265 277 293 221 233 178 179 195 219 271 210 215 174 185 163 236 250 184 242 260 230 234 269 259 199 164 171 200 292 284 255 240 183 256 180 237 257 160 229 212 159 272 235 173 248 290 274 167 251 266 227 296 196 206 181 263 225 220 264 273 280 191 207 295 286 193 232 151 190 241 170 291 211 249 299 153 283 294 154 279 201 238 166 252 182 223 205 213 231 208 247 165 176 216 285 244 270 245 161 278 198 162 258 156 300 217 155 276 282 287 175 275 157 172 224 253 189 267 214 169 186 218 209 222 226 202 188 298 187 261 268 158 192 246 203 177 243 297 197 152 228
150 282 197 183 193 173 153 271 265 206 152 190 170 228 226 245 151 160 270 268 292 259 182 277 162 157 214 225 218 229 155 243 181 288 189 287 274 262 296 185 211 251 212 203 156 196 286 231 272 165 202 232 294 194 195 283 233 291 199 290 163 256 260 261 278 169 269 167 284 253 297 187 217 164 242 280 188 267 204 250 239 224 166 215 230 264 293 191 200 209 236 257 237 207 159 219 254 227 247 238 208 179 174 161 285 201 246 300 158 299 248 180 235 176 213 241 273 258 240 154 172 177 192 171 289 255 178 198 205 276 175 275 244 298 263 168 266 279 216 223 222 281 220 186 252 249 184 234 221 210 295
150 283 250 163 293 225 294 297 175 290 299 296 156 242 259 199 197 280 158 236 287 270 291 203 276 272 198 232 189 238 162 265 196 157 231 178 190 282 288 165 159 251 256 277 243 246 267 217 261 214 252 186 168 273 269 151 224 278 169 239 218 171 152 281 295 153 200 264 201 207 206 167 237 172 255 229 216 219 192 205 241 183 220 228 202 210 179 266 249 215 244 166 222 155 195 262 213 209 223 211 271 164 177 212 187 208 191 230 160 254 257 204 181 240 292 234 182 274 275 289 235 298 174 185 227 268 194 300 226 184 233 180 221 263 286 161 176 253 170 284 247 285 188 279 154 245 173 248 193 260 258
150 284 291 170 290 246 214 240 245 215 287 174 160 165 204 227 293 229 251 266 189 230 223 211 205 274 250 212 249 283 171 178 209 271 186 169 275 196 272 295 181 280 201 220 278 198 242 226 177 191 260 218 216 264 213 168 268 257 252 176 277 155 235 263 151 270 208 207 200 159 173 199 197 161 288 247 157 241 158 259 163 276 233 258 232 294 289 286 297 187 296 167 175 217 269 254 154 184 300 166 282 206 273 228 299 180 156 190 267 262 210 285 153 239 236 194 237 203 261 185 248 221 182 231 292 164 224 202 193 219 279 225 179 195 265 152 256 281 298 253 234 238 244 188 192 172 243 162 255 222 183
150 285 233 222 293 279 204 234 173 200 261 252 176 230 280 229 180 203 171 275 231 167 162 157 259 278 170 177 179 194 258 178 251 256 247 207 165 281 215 266 249 172 174 182 299 192 255 286 292 289 166 158 206 160 243 288 235 267 220 208 151 254 188 298 225 168 153 198 264 265 296 240 223 297 216 238 250 195 213 210 202 277 205 242 226 263 155 294 186 224 152 239 269 276 228 268 287 244 282 159 270 273 221 271 295 227 185 181 260 291 214 241 201 272 236 219 209 283 196 257 183 187 184 156 218 245 211 217 290 169 191 189 154 246 237 163 284 212 199 300 193 274 190 248 253 262 161 232 164 175 197
150 286 228 196 183 262 172 283 216 226 266 282 299 278 211 246 160 252 157 208 230 153 207 220 236 177 173 269 152 292 247 161 251 199 267 163 198 192 210 281 154 214 240 190 289 257 184 176 255 270 253 221 243 164 194 232 235 155 224 244 170 179 274 181 186 285 272 182 200 248 268 258 259 295 167 174 217 238 168 188 219 169 212 156 280 279 185 233 241 218 195 277 242 209 158 223 166 201 293 178 287 203 187 273 276 213 239 175 189 275 300 298 288 206 193 290 250 215 227 159 222 162 202 191 271 263 237 261 297 254 151 264 205 204 231 296 180 229 291 260 284 165 294 225 256 245 265 197 234 249 171
150 287 264 218 290 284 286 212 292 250 199 183 166 283 177 229 258 251 168 198 270 228 202 189 235 223 234 162 172 261 244 197 278 160 285 273 299 263 207 191 165 295 272 230 161 208 188 194 176 257 297 158 237 238 248 192 246 206 203 271 289 182 300 247 252 253 151 157 233 262 231 211 175 280 240 282 241 220 217 256 219 281 173 180 204 171 167 275 236 216 152 185 184 265 174 274 226 178 260 266 255 153 224 209 190 294 164 201 186 276 222 245 213 169 215 242 205 232 214 155 200 254 243 249 179 239 279 163 277 187 288 193 293 269 210 181 195 259 227 156 221 154 159 196 267 296 170 225 268 298 291
150 288 169 158 242 195 219 198 210 155 285 225 234 152 290 182 247 205 287 267 153 252 283 202 216 232 263 165 244 231 238 300 170 184 281 233 157 236 183 248 270 255 235 217 265 250 211 215 249 208 193 229 259 292 299 240 212 279 194 284 253 214 181 154 209 289 257 201 273 190 192 230 245 189 177 176 237 278 197 206 159 178 196 221 298 162 171 246 264 199 277 174 266 207 260 203 297 161 282 241 261 160 168 258 274 180 286 185 226 272 280 271 254 276 269 163 243 173 256 164 223 204 188 293 294 187 172 268 220 218 167 222 213 186 227 275 228 175 239 262 224 156 295 251 191 200 179 296 166 151 291
150 289 198 181 197 227 236 278 195 192 196 189 222 184 161 279 252 270 253 201 163 264 159 155 282 156 224 214 157 291 286 285 183 203 266 242 212 281 160 153 174 249 241 232 164 187 233 190 171 207 271 219 274 179 254 182 226 180 238 261 230 251 269 206 299 257 194 290 213 162 199 240 154 165 176 166 296 246 218 276 188 277 175 185 284 177 265 209 231 275 245 280 215 250 229 204 295 243 244 172 300 169 255 168 298 221 151 273 292 225 191 287 288 202 158 297 210 262 220 272 234 178 228 208 294 223 293 173 193 259 152 267 247 237 260 200 283 186 205 239 235 170 263 258 268 248 217 167 256 211 216
150 290 191 288 234 237 164 195 279 183 292 265 238 166 152 188 165 285 168 190 182 252 245 160 298 296 286 185 220 163 262 278 289 205 179 178 184 287 244 235 161 254 249 284 197 215 229 272 283 174 300 222 281 242 246 219 187 258 248 293 204 233 239 175 211 194 208 223 280 154 224 267 256 176 193 217 227 260 275 231 157 255 276 216 221 207 159 171 250 241 270 251 226 214 271 259 153 181 269 200 162 297 173 212 264 189 232 268 213 209 299 230 291 210 167 247 186 218 263 261 225 282 277 273 198 172 170 155 236 253 177 202 151 294 180 295 243 196 266 201 169 156 203 228 199 240 274 192 158 257 206
150 291 223 185 259 198 163 284 193 246 272 266 213 164 166 286 283 215 280 205 159 260 224 162 252 264 165 279 194 273 167 263 244 173 203 288 255 186 285 278 195 154 299 181 171 152 258 270 211 184 189 158 178 227 161 217 229 202 300 204 269 243 271 262 231 176 232 265 294 190 153 235 277 214 248 261 239 247 192 289 297 238 296 295 267 233 197 218 228 253 157 209 281 293 245 234 177 187 242 237 256 275 155 276 225 199 287 240 220 226 168 179 219 182 200 172 282 222 249 175 274 183 156 268 298 230 290 169 250 174 236 254 212 180 241 170 210 292 207 206 221 216 188 191 151 201 160 257 208 196 251
150 292 207 175 158 220 261 217 159 165 259 209 275 254 267 285 246 187 191 273 271 177 182 236 257 284 190 265 166 202 186 288 201 204 170 195 227 194 212 244 250 262 213 181 245 222 229 215 241 208 297 193 228 300 171 161 162 256 239 206 151 295 252 233 258 153 248 200 157 174 296 286 156 272 198 294 282 226 289 243 185 280 291 232 178 283 216 247 176 281 183 211 205 279 293 299 230 277 196 179 231 160 240 214 251 270 169 188 192 173 298 276 189 287 152 219 255 197 253 154 269 268 210 172 264 218 223 184 199 163 290 167 266 242 249 225 235 168 234 164 203 238 221 278 274 155 237 180 263 260 224
150 293 227 177 237 210 160 223 265 173 199 268 244 291 214 195 269 255 202 280 208 179 167 288 166 213 296 172 190 233 226 186 258 230 151 198 277 225 175 157 276 260 300 222 192 261 256 271 191 182 212 263 193 211 155 246 162 221 187 203 184 264 181 169 298 239 161 228 219 247 215 283 294 282 274 216 168 259 171 284 200 178 272 262 217 185 209 278 234 289 156 252 295 275 204 241 257 254 279 266 164 250 232 235 242 180 297 285 231 170 188 220 251 158 163 224 267 218 240 248 287 152 207 183 236 238 249 159 273 153 243 194 253 154 270 292 189 197 245 165 174 299 196 206 176 286 290 201 205 229 281
150 294 299 225 193 272 201 296 229 211 206 264 238 292 151 246 276 262 208 285 157 270 261 172 277 297 280 248 177 295 199 182 212 273 271 210 216 169 187 219 203 243 180 300 158 283 236 166 192 197 174 282 232 227 181 255 221 242 241 278 269 153 183 293 231 214 268 288 265 170 202 251 279 168 167 267 249 235 184 254 179 257 281 274 195 215 189 252 237 186 162 287 165 198 209 163 228 259 258 176 156 161 196 171 244 226 234 185 178 275 155 253 159 217 152 250 194 284 290 286 230 200 260 205 222 233 245 223 220 191 204 173 207 247 291 154 224 240 188 218 289 239 298 175 213 256 266 263 160 164 190
150 295 278 241 263 188 296 227 251 220 261 250 195 178 215 187 284 281 252 207 265 158 270 244 254 282 218 190 232 253 243 206 216 225 210 247 221 269 279 245 249 197 202 283 175 223 287 298 268 233 194 272 231 277 152 153 256 276 274 154 214 271 196 174 219 164 168 242 163 234 165 299 166 222 260 198 171 226 161 286 262 224 300 238 280 259 275 257 236 184 209 155 285 182 177 208 294 186 204 191 167 292 189 205 180 273 255 193 151 291 200 172 201 192 267 160 228 217 176 157 289 230 240 162 266 170 248 212 235 246 179 213 156 181 229 258 211 290 237 288 159 297 199 185 173 264 293 239 203 183 169
150 296 300 153 288 247 276 264 175 207 241 233 188 204 181 191 229 159 168 151 190 262 169 171 154 299 157 274 166 218 242 227 282 214 199 258 193 187 291 250 297 260 170 275 277 186 216 173 287 298 200 238 219 281 197 221 201 283 293 292 203 259 223 220 178 261 240 278 189 185 252 210 231 180 167 222 164 225 194 239 177 163 267 174 273 155 205 156 254 269 256 176 192 152 285 249 179 161 206 263 234 217 215 245 248 183 286 158 232 257 165 295 195 244 236 226 208 265 237 211 235 289 198 294 182 224 184 270 255 284 272 213 230 268 280 266 162 209 202 212 279 160 196 246 228 251 271 290 172 253 243
150 297 201 271 287 198 197 192 214 280 267 189 224 185 239 188 206 252 175 217 223 269 266 292 296 298 260 207 257 242 161 263 248 195 178 218 227 176 284 220 229 300 226 236 241 238 240 249 264 200 208 166 253 204 293 163 193 156 268 209 289 215 152 202 162 151 153 212 256 187 180 246 183 169 259 233 177 295 155 210 171 245 279 288 172 270 179 254 222 219 168 170 237 291 181 277 157 294 228 199 258 250 230 281 165 154 273 274 167 285 203 205 265 235 299 184 186 247 158 272 194 262 243 283 282 278 231 275 221 182 255 286 213 244 276 216 160 234 251 190 232 173 225 191 211 159 164 174 196 290 261
150 298 300 160 205 207 286 284 164 156 176 238 170 291 272 230 193 175 165 168 256 262 267 161 172 178 163 179 259 270 195 226 177 209 285 229 248 242 182 236 231 237 189 192 281 243 228 260 166 282 219 265 245 216 151 289 152 153 288 235 232 181 241 162 299 188 199 221 173 266 255 276 244 155 224 157 202 269 294 215 257 180 222 295 159 271 210 252 171 200 253 240 254 218 234 283 198 186 211 261 293 169 190 246 292 227 278 154 290 201 208 194 279 206 220 239 280 274 264 191 268 275 287 183 196 247 214 233 225 296 217 184 212 187 258 250 158 297 213 251 277 223 203 273 263 174 167 197 185 204 249
150 299 252 182 207 197 288 178 240 289 196 271 281 174 175 155 152 212 161 263 222 294 221 249 246 254 261 204 189 225 267 287 258 164 177 260 234 201 173 245 256 184 298 203 230 239 218 253 154 170 187 213 165 190 224 179 235 205 211 255 208 192 244 278 228 241 290 270 259 219 151 236 180 247 300 279 181 297 185 200 191 156 153 220 226 176 231 273 275 284 214 243 209 296 248 293 285 291 171 269 295 195 183 251 194 160 223 210 198 229 266 169 277 272 168 206 172 199 250 276 217 274 159 268 202 215 216 186 188 242 264 286 167 257 227 282 237 265 166 158 292 262 233 238 283 157 232 162 280 163 193
150 300 287 213 205 217 263 238 206 210 292 243 246 214 267 236 173 226 170 254 211 265 185 271 202 235 172 176 275 162 277 258 180 218 189 282 167 248 196 183 156 245 184 283 182 230 212 201 276 262 216 215 279 293 187 229 289 251 168 153 231 209 241 222 270 175 178 161 253 291 208 272 224 179 295 193 204 163 221 197 237 298 174 207 299 164 191 268 166 239 273 274 192 171 157 154 160 240 190 198 269 281 255 188 297 260 220 288 280 200 151 261 165 219 186 249 285 250 169 234 259 286 227 177 155 228 247 266 199 158 195 159 244 296 256 203 290 294 225 232 233 242 181 284 223 252 264 194 152 257 278
0
0
0
0
0
0
0
0
0
0
0
0
0
0
0
0
0
0
0
0
0
0
0
0
0
0
0
0
0
0
0
0
0
0
0
0
0
0
0
0
0
0
0
0
0
0
0
0
0
0
0
0
0
0
0
0
0
0
0
0
0
0
0
0
0
0
0
0
0
0
0
0
0
0
0
0
0
0
0
0
0
0
0
0
0
0
0
0
0
0
0
0
0
0
0
0
0
0
0
0
0
0
0
0
0
0
0
0
0
0
0
0
0
0
0
0
0
0
0
0
0
0
0
0
0
0
0
0
0
0
0
0
0
0
0
0
0
0
0
0
0
0
0
0
0
0
0
0
0
0
