300
5 273 186 289 279 245
5 184 246 212 170 292
5 185 253 227 262 194
5 170 262 275 252 215
5 196 289 155 165 197
5 183 250 217 152 273
5 198 254 219 213 241
5 180 259 160 197 166
5 285 293 262 270 236
5 199 266 300 258 232
5 206 240 229 197 170
5 271 187 218 296 270
5 241 180 233 220 190
5 176 254 172 270 250
5 238 191 260 186 280
5 198 240 261 227 233
5 271 191 234 282 154
5 158 295 297 178 251
5 235 274 187 153 186
5 287 236 188 221 278
5 198 215 233 167 298
5 182 288 290 165 176
5 264 212 283 279 289
5 204 246 266 198 213
5 273 251 160 226 170
5 237 249 240 193 281
5 241 279 188 212 259
5 231 165 295 253 180
5 166 299 283 273 252
5 210 194 275 238 296
5 248 185 275 223 237
5 266 206 160 225 262
5 272 181 154 209 170
5 283 292 297 187 164
5 291 273 239 234 154
5 256 262 251 226 171
5 228 295 183 267 271
5 255 229 195 297 205
5 225 216 290 214 293
5 164 159 263 275 291
5 164 271 269 191 155
5 152 233 180 203 205
5 283 181 259 262 290
5 231 237 243 246 194
5 170 227 286 151 189
5 176 153 169 252 235
5 219 300 215 250 157
5 179 276 165 234 182
5 281 159 215 207 298
5 295 209 203 156 159
5 215 251 199 203 225
5 222 227 206 215 267
5 188 175 285 245 261
5 219 198 224 181 221
5 218 172 211 205 246
5 298 231 175 218 157
5 171 284 182 190 267
5 259 250 171 151 202
5 170 279 199 219 181
5 179 212 297 295 169
5 158 292 268 239 278
5 249 178 208 257 243
5 176 295 244 229 169
5 151 217 152 296 205
5 265 201 277 214 162
5 250 170 208 190 269
5 276 273 277 271 197
5 159 235 299 196 165
5 203 211 170 275 152
5 180 232 163 193 285
5 256 178 214 287 239
5 198 183 180 248 176
5 292 170 179 165 224
5 201 178 245 157 258
5 164 178 246 232 291
5 259 232 183 222 197
5 240 272 228 276 239
5 205 271 255 270 214
5 175 188 254 282 272
5 250 275 200 181 285
5 188 192 245 180 281
5 185 176 228 204 233
5 297 196 181 269 215
5 205 282 260 196 229
5 163 189 203 158 231
5 295 258 155 172 252
5 162 286 259 219 254
5 222 225 300 286 220
5 266 196 170 289 189
5 177 278 276 214 180
5 278 156 295 284 182
5 236 298 281 204 198
5 242 249 201 284 282
5 218 188 162 196 153
5 161 195 211 208 286
5 282 186 285 169 165
5 215 181 233 278 258
5 272 175 238 270 251
5 171 156 163 187 289
5 231 293 217 210 164
5 172 268 286 284 177
5 288 209 203 220 298
5 265 190 250 267 189
5 212 214 172 162 294
5 248 291 280 191 189
5 233 189 293 273 225
5 195 248 284 260 229
5 160 213 170 210 183
5 259 219 296 235 156
5 249 170 186 163 230
5 176 222 178 193 189
5 170 256 242 186 193
5 292 252 265 273 268
5 199 185 210 158 286
5 174 207 286 190 194
5 188 178 252 189 191
5 247 196 258 272 192
5 158 168 257 295 299
5 261 155 176 185 159
5 297 226 212 175 222
5 183 214 274 275 152
5 199 188 251 248 163
5 175 272 298 205 245
5 229 234 291 220 273
5 181 153 215 172 162
5 198 228 229 213 233
5 182 188 262 289 166
5 197 156 216 176 256
5 245 216 250 292 220
5 260 266 161 214 239
5 269 151 212 296 250
5 267 167 195 290 285
5 224 161 259 298 279
5 212 294 287 284 211
5 299 229 189 192 171
5 225 280 184 182 200
5 226 175 158 191 263
5 159 187 258 158 245
5 227 164 232 288 180
5 205 257 152 187 232
5 293 167 240 218 159
5 209 182 247 166 286
5 239 188 202 158 159
5 164 268 240 188 297
5 201 190 152 284 188
5 290 300 241 235 212
5 289 172 185 233 209
5 225 214 249 297 207
5 164 295 180 162 275
5 229 246 230 190 216
0
0
0
0
0
0
0
0
0
0
0
0
0
0
0
0
0
0
0
0
0
0
0
0
0
0
0
0
0
0
0
0
0
0
0
0
0
0
0
0
0
0
0
0
0
0
0
0
0
0
0
0
0
0
0
0
0
0
0
0
0
0
0
0
0
0
0
0
0
0
0
0
0
0
0
0
0
0
0
0
0
0
0
0
0
0
0
0
0
0
0
0
0
0
0
0
0
0
0
0
0
0
0
0
0
0
0
0
0
0
0
0
0
0
0
0
0
0
0
0
0
0
0
0
0
0
0
0
0
0
0
0
0
0
0
0
0
0
0
0
0
0
0
0
0
0
0
0
0
0
