300
3 151 162 154
3 152 277 258
3 153 261 252
3 154 228 258
3 155 293 218
3 156 169 153
3 157 182 274
3 158 203 241
3 159 255 173
3 160 169 240
3 161 229 259
3 162 156 165
3 163 199 300
3 164 223 229
3 165 266 176
3 166 247 233
3 167 290 170
3 168 212 218
3 169 196 254
3 170 224 223
3 171 167 207
3 172 240 152
3 173 279 272
3 174 205 203
3 175 206 162
3 176 286 232
3 177 245 268
3 178 275 231
3 179 156 252
3 180 257 158
3 181 282 295
3 182 206 165
3 183 216 247
3 184 271 260
3 185 240 213
3 186 171 173
3 187 209 172
3 188 282 284
3 189 272 293
3 190 223 227
3 191 209 200
3 192 207 189
3 193 180 295
3 194 273 287
3 195 223 290
3 196 218 288
3 197 230 254
3 198 254 154
3 199 206 165
3 200 242 291
3 201 268 294
3 202 203 261
3 203 215 243
3 204 299 182
3 205 258 191
3 206 232 299
3 207 280 252
3 208 299 236
3 209 286 189
3 210 161 287
3 211 163 152
3 212 174 208
3 213 163 201
3 214 187 164
3 215 252 174
3 216 208 163
3 217 253 154
3 218 293 183
3 219 260 261
3 220 297 240
3 221 162 297
3 222 279 165
3 223 224 246
3 224 195 246
3 225 295 182
3 226 248 243
3 227 297 159
3 228 188 247
3 229 157 190
3 230 237 205
3 231 234 180
3 232 161 218
3 233 228 193
3 234 246 265
3 235 246 219
3 236 283 165
3 237 176 199
3 238 171 234
3 239 254 264
3 240 177 288
3 241 205 229
3 242 250 254
3 243 280 273
3 244 172 209
3 245 191 226
3 246 154 181
3 247 236 283
3 248 289 168
3 249 169 296
3 250 231 261
3 251 179 286
3 252 170 230
3 253 208 247
3 254 190 213
3 255 234 212
3 256 165 174
3 257 293 168
3 258 253 293
3 259 170 250
3 260 186 166
3 261 217 250
3 262 257 186
3 263 279 170
3 264 240 299
3 265 205 234
3 266 190 160
3 267 175 268
3 268 276 260
3 269 282 153
3 270 188 295
3 271 297 209
3 272 211 300
3 273 238 212
3 274 173 182
3 275 258 265
3 276 263 260
3 277 165 211
3 278 199 298
3 279 175 267
3 280 175 264
3 281 201 240
3 282 287 195
3 283 230 181
3 284 267 163
3 285 281 270
3 286 166 265
3 287 297 259
3 288 232 299
3 289 162 227
3 290 273 216
3 291 218 195
3 292 265 201
3 293 181 280
3 294 244 183
3 295 196 172
3 296 160 178
3 297 158 187
3 298 185 247
3 299 207 284
3 300 192 264
0
0
0
0
0
0
0
0
0
0
0
0
0
0
0
0
0
0
0
0
0
0
0
0
0
0
0
0
0
0
0
0
0
0
0
0
0
0
0
0
0
0
0
0
0
0
0
0
0
0
0
0
0
0
0
0
0
0
0
0
0
0
0
0
0
0
0
0
0
0
0
0
0
0
0
0
0
0
0
0
0
0
0
0
0
0
0
0
0
0
0
0
0
0
0
0
0
0
0
0
0
0
0
0
0
0
0
0
0
0
0
0
0
0
0
0
0
0
0
0
0
0
0
0
0
0
0
0
0
0
0
0
0
0
0
0
0
0
0
0
0
0
0
0
0
0
0
0
0
0
