50
10 210 20
945 180
8 300
596 15
417 345
341 60
415 120
47 315
102 285
375 90
194 330
10 210 41
230 15
436 285
622 345
689 225
705 120
692 195
579 300
2 240
520 270
547 210
10 330 35
293 315
473 30
979 255
336 210
815 195
629 120
117 15
45 0
715 135
572 135
10 225 28
420 345
161 75
725 255
948 105
23 90
175 45
275 135
862 15
259 330
377 165
10 165 62
791 120
390 240
129 195
450 270
368 120
77 315
795 75
529 285
753 240
879 75
10 15 67
63 330
597 135
347 105
712 60
96 135
16 150
649 300
846 120
175 315
182 15
10 300 89
51 345
496 225
379 330
370 255
723 270
945 330
607 270
968 180
217 255
799 60
10 30 88
682 330
158 210
145 255
398 195
363 30
640 300
283 225
621 300
531 210
306 345
10 225 25
400 180
98 45
511 30
137 195
449 90
895 315
57 270
535 150
601 105
157 15
10 75 30
915 45
67 345
376 15
997 195
943 60
41 345
183 120
939 330
248 255
998 75
10 60 52
808 165
758 165
269 330
833 150
3 255
307 105
757 345
955 345
614 0
60 240
10 315 31
259 210
340 285
521 0
103 345
66 255
766 105
174 315
622 75
221 60
703 330
10 15 55
107 0
665 210
570 0
699 240
540 240
322 15
47 210
488 30
537 330
202 150
10 150 79
55 225
730 120
885 225
603 225
397 300
66 285
798 90
74 150
24 225
124 240
10 330 78
150 60
982 285
783 270
988 195
875 180
797 180
859 135
872 75
971 45
606 345
10 180 51
353 240
572 270
25 225
709 300
140 150
5 150
528 345
577 225
528 15
92 285
10 135 4
79 45
699 60
690 180
397 15
35 75
88 345
447 270
102 75
71 255
492 75
10 345 27
1000 285
697 135
811 210
47 90
78 255
114 30
600 180
140 330
763 180
613 165
10 285 69
963 75
898 30
659 315
510 45
527 15
513 345
6 225
136 15
627 330
430 255
10 150 81
18 150
331 0
983 300
15 15
14 75
466 45
394 135
821 120
255 75
310 180
10 195 83
738 135
794 270
992 120
441 105
657 60
348 240
290 300
900 60
100 15
523 60
10 285 6
238 315
289 90
205 60
848 120
505 240
39 180
3 150
144 60
50 60
58 180
10 330 53
688 330
443 300
502 120
709 225
122 225
336 315
899 240
373 180
204 195
36 240
10 270 91
83 300
746 315
840 135
510 105
295 240
734 165
404 345
547 345
714 270
622 240
10 240 77
572 330
678 165
11 0
263 225
496 165
889 195
198 270
1000 60
548 225
652 195
10 105 91
460 285
417 45
27 225
942 345
480 135
541 240
558 210
728 255
769 75
870 330
10 165 66
953 15
539 150
723 210
636 330
307 270
447 315
567 30
284 105
514 300
406 90
10 285 96
844 75
148 60
28 150
83 30
109 75
92 195
744 315
212 45
303 210
362 255
10 315 56
388 255
328 60
273 285
274 150
975 240
874 210
161 120
53 75
696 60
285 270
10 45 36
897 105
662 30
365 120
639 285
765 330
123 315
514 255
609 75
829 330
15 0
10 300 85
758 345
300 210
674 240
322 285
157 255
230 345
301 120
694 180
13 15
542 285
10 0 44
260 15
560 210
846 150
705 270
519 150
294 195
812 195
676 90
960 315
21 135
10 45 38
285 165
54 75
443 75
443 45
807 30
861 90
259 300
467 45
1 330
916 300
10 345 91
622 285
594 315
308 330
37 45
670 135
302 120
104 105
609 315
972 165
236 15
10 180 68
630 315
785 300
787 210
607 210
710 225
401 75
341 165
26 195
738 120
172 135
10 150 32
636 120
792 270
692 270
120 60
741 135
335 210
682 105
851 60
994 60
936 150
10 120 87
896 90
751 315
964 15
321 270
215 135
67 315
9 45
246 180
436 105
720 90
10 345 85
919 15
113 240
947 195
61 240
391 90
590 75
785 165
180 120
301 240
72 300
10 60 7
401 270
633 30
754 300
310 315
513 315
467 330
105 150
671 330
880 195
481 225
10 225 75
18 180
48 195
269 30
839 285
143 90
857 345
733 45
902 180
2 315
16 330
10 30 53
695 345
826 150
354 15
348 315
976 195
116 120
247 60
74 15
653 135
699 105
10 315 83
78 195
877 210
242 270
553 15
227 135
65 45
892 195
617 135
346 90
206 45
10 330 17
549 345
209 0
49 0
711 195
859 240
882 195
16 345
988 150
421 105
983 255
10 330 48
790 90
233 315
614 210
984 270
254 345
133 285
32 300
313 300
879 210
163 30
10 105 84
407 60
516 180
578 0
563 75
68 330
750 315
710 210
476 330
507 255
610 285
10 45 64
222 225
83 195
741 330
68 300
7 105
555 240
474 195
349 150
809 60
939 240
10 150 90
255 240
89 345
316 270
571 75
609 285
496 15
200 135
913 15
494 30
866 270
10 105 39
191 300
361 225
50 0
772 105
269 30
783 300
344 60
337 285
124 0
310 105
10 195 80
816 105
582 240
165 30
61 45
973 225
229 330
750 195
185 240
739 60
141 30
10 60 85
12 315
169 300
360 75
303 315
349 105
741 255
254 150
999 345
315 195
825 60
