300
5 298 285 265 290 261
5 241 272 284 283 247
5 289 272 260 262 274
5 289 292 245 294 249
5 271 287 294 256 274
5 278 281 264 255 296
5 287 298 291 256 270
5 281 275 294 298 283
5 294 262 277 253 274
5 280 274 267 296 272
5 294 251 268 280 291
5 283 282 251 245 292
5 282 268 248 263 279
5 278 266 262 283 293
5 247 264 258 251 246
5 283 249 243 282 251
5 284 246 295 248 253
5 250 248 290 294 256
5 242 300 247 246 277
5 247 250 251 274 258
5 298 255 297 267 294
5 241 271 265 254 259
5 278 263 290 265 244
5 300 280 250 295 256
5 268 261 259 296 273
5 256 286 290 291 275
5 290 286 285 249 248
5 255 276 297 288 289
5 295 300 258 289 247
5 291 272 253 295 284
5 289 288 300 262 244
5 271 268 299 281 279
5 269 247 285 245 264
5 300 243 290 258 276
5 244 295 248 259 250
5 285 289 284 249 278
5 281 272 245 257 276
5 260 295 256 300 299
5 256 257 268 289 255
5 248 262 258 289 264
5 249 279 259 292 286
5 285 241 267 275 289
5 263 261 300 260 277
5 266 287 269 262 264
5 241 253 284 258 260
5 260 300 293 267 281
5 268 281 291 263 245
5 290 297 259 257 246
5 258 243 265 284 267
5 260 262 290 271 299
5 281 258 276 257 254
5 242 256 273 255 266
5 296 285 263 242 243
5 281 297 277 288 263
5 296 295 278 259 251
5 293 265 274 266 246
5 270 257 253 265 261
5 241 285 296 266 283
5 285 271 300 246 281
5 252 290 262 275 279
5 298 299 266 242 245
5 255 250 297 248 273
5 244 243 263 265 261
5 284 278 247 283 253
5 280 254 257 247 298
5 283 241 271 269 279
5 280 275 246 267 273
5 266 296 300 289 241
5 258 288 269 292 261
5 290 266 285 263 299
5 244 290 262 248 243
5 294 243 253 274 255
5 257 258 292 246 277
5 298 278 287 281 246
5 298 283 245 250 248
5 285 280 299 286 282
5 284 263 282 265 241
5 255 298 297 262 280
5 300 256 277 266 252
5 245 244 295 250 284
5 291 269 300 270 254
5 277 256 270 258 259
5 275 280 287 290 276
5 252 298 255 299 250
5 267 280 253 256 293
5 271 242 262 273 268
5 295 263 268 257 267
5 299 278 247 266 290
5 262 277 273 248 274
5 277 292 266 258 248
5 278 267 258 261 289
5 294 291 269 278 253
5 241 287 270 299 249
5 286 260 270 245 262
5 241 254 248 258 272
5 295 259 267 286 257
5 266 250 263 290 265
5 255 250 293 277 257
5 271 257 250 294 269
5 282 255 246 245 256
5 244 260 274 258 300
5 262 268 250 282 299
5 254 297 276 268 299
5 294 260 282 245 295
5 253 263 281 265 260
5 262 285 269 245 292
5 267 294 259 241 261
5 281 297 248 299 258
5 289 243 257 296 254
5 259 298 282 297 260
5 244 249 280 258 287
5 286 254 252 282 260
5 258 281 294 293 300
5 292 264 274 244 273
5 244 256 288 293 298
5 270 257 255 288 273
5 272 276 281 250 254
5 277 278 259 267 246
5 250 293 291 283 266
5 272 257 282 268 275
5 271 278 245 241 284
5 242 277 255 271 281
5 254 280 250 262 279
5 260 258 282 266 253
5 290 268 296 288 279
5 273 252 270 275 289
5 293 275 244 270 243
5 247 246 298 299 267
5 299 298 244 253 294
5 300 242 270 274 263
5 287 243 278 282 288
5 276 249 270 241 298
5 272 252 251 281 244
5 290 267 284 293 266
5 298 283 294 268 281
5 266 300 255 268 285
5 280 294 258 288 289
5 288 272 249 243 260
5 262 287 241 257 272
5 242 254 256 258 278
5 248 265 260 300 259
5 254 241 267 282 251
5 244 282 270 272 287
5 294 274 290 283 298
5 264 266 280 248 246
5 243 261 281 288 275
5 286 255 282 276 272
5 273 284 257 253 250
5 298 294 281 255 270
5 263 246 288 281 284
5 287 284 267 299 277
5 266 269 259 276 290
5 272 289 290 293 252
5 273 285 250 283 275
5 295 285 273 243 259
5 265 287 294 243 249
5 274 267 246 241 293
5 289 274 270 288 285
5 255 274 257 259 276
5 274 273 266 250 251
5 286 275 242 254 258
5 291 294 297 253 258
5 245 253 288 291 241
5 262 260 266 289 290
5 298 256 267 290 242
5 300 242 250 288 253
5 266 298 270 265 251
5 254 290 298 260 256
5 294 292 267 288 283
5 295 258 280 271 285
5 272 243 247 274 252
5 299 248 265 283 245
5 272 288 273 251 243
5 296 281 283 274 273
5 274 295 266 268 252
5 257 255 266 253 273
5 243 269 253 244 246
5 275 300 280 261 287
5 300 295 270 265 286
5 252 262 278 298 284
5 271 278 260 241 245
5 275 264 269 245 267
5 274 275 249 246 261
5 257 289 270 284 247
5 269 255 262 267 256
5 298 285 267 283 294
5 298 280 293 272 259
5 282 271 298 273 291
5 292 276 283 254 243
5 297 245 259 283 241
5 281 297 252 245 278
5 255 284 266 244 300
5 292 265 261 252 279
5 266 242 248 256 241
5 258 275 259 262 280
5 270 250 254 243 247
5 281 278 275 243 259
5 260 280 290 296 246
5 267 249 292 294 262
5 262 299 274 297 281
5 273 294 298 269 279
5 251 299 244 282 294
5 274 257 242 263 295
5 291 261 289 247 285
5 256 258 285 268 248
5 286 266 273 242 280
5 268 259 288 282 265
5 286 267 294 265 280
5 272 260 241 273 276
5 245 292 278 256 241
5 289 297 243 274 242
5 247 248 268 255 291
5 263 260 290 247 249
5 298 263 289 291 281
5 297 280 256 285 267
5 266 257 300 274 281
5 285 262 248 266 253
5 261 275 289 287 279
5 293 282 279 241 256
5 262 281 274 272 268
5 277 288 262 266 271
5 282 277 254 290 292
5 241 274 259 283 295
5 248 271 245 270 286
5 244 265 266 261 257
5 291 296 298 248 261
5 284 265 254 247 252
5 276 243 290 298 272
5 259 296 277 299 253
5 262 255 259 277 299
5 288 295 281 294 246
5 293 294 251 279 256
5 295 283 258 261 288
5 255 267 278 257 260
5 293 279 296 263 280
5 256 280 292 246 283
5 295 246 272 293 299
5 293 247 268 288 265
5 287 284 274 286 282
5 248 266 251 262 249
0
0
0
0
0
0
0
0
0
0
0
0
0
0
0
0
0
0
0
0
0
0
0
0
0
0
0
0
0
0
0
0
0
0
0
0
0
0
0
0
0
0
0
0
0
0
0
0
0
0
0
0
0
0
0
0
0
0
0
0
