300
4 151 161 220 250
4 152 161 253 280
4 153 169 190 287
4 154 174 271 289
4 155 296 181 253
4 156 167 281 254
4 157 206 227 235
4 158 197 282 260
4 159 183 281 206
4 160 175 288 295
4 161 197 232 238
4 162 217 288 203
4 163 282 227 286
4 164 242 217 233
4 165 300 241 180
4 166 171 237 252
4 167 237 250 259
4 168 161 214 245
4 169 152 226 209
4 170 255 241 180
4 171 215 167 200
4 172 171 164 258
4 173 284 293 174
4 174 276 277 195
4 175 279 210 285
4 176 257 201 152
4 177 208 165 241
4 178 163 238 232
4 179 194 152 278
4 180 299 239 215
4 181 187 160 242
4 182 287 261 201
4 183 207 255 241
4 184 196 160 170
4 185 182 194 179
4 186 249 200 292
4 187 188 294 287
4 188 267 156 200
4 189 205 153 268
4 190 164 205 293
4 191 214 286 174
4 192 277 180 189
4 193 299 170 235
4 194 211 157 192
4 195 226 155 216
4 196 172 223 225
4 197 254 239 298
4 198 245 209 268
4 199 253 197 193
4 200 288 249 221
4 201 246 186 204
4 202 185 166 289
4 203 232 197 188
4 204 165 296 157
4 205 175 259 173
4 206 243 249 295
4 207 154 184 162
4 208 175 184 238
4 209 154 299 172
4 210 189 226 280
4 211 171 286 153
4 212 252 255 221
4 213 215 270 247
4 214 200 197 154
4 215 181 212 261
4 216 283 178 286
4 217 190 155 203
4 218 274 277 192
4 219 189 276 204
4 220 218 215 294
4 221 259 160 188
4 222 248 175 172
4 223 210 201 295
4 224 268 197 190
4 225 251 198 272
4 226 270 217 233
4 227 244 209 259
4 228 225 175 212
4 229 287 292 157
4 230 210 232 288
4 231 201 209 267
4 232 262 201 195
4 233 296 276 185
4 234 190 151 298
4 235 242 173 202
4 236 229 164 275
4 237 180 187 214
4 238 203 190 255
4 239 222 203 298
4 240 200 181 292
4 241 228 227 252
4 242 219 169 171
4 243 300 255 268
4 244 249 178 245
4 245 173 178 297
4 246 195 300 264
4 247 210 277 263
4 248 226 268 262
4 249 288 243 257
4 250 254 298 240
4 251 278 170 291
4 252 236 174 262
4 253 192 177 299
4 254 155 219 286
4 255 172 272 226
4 256 287 237 220
4 257 188 232 173
4 258 212 256 244
4 259 288 221 197
4 260 169 176 184
4 261 270 253 236
4 262 278 173 218
4 263 206 182 298
4 264 152 215 208
4 265 239 198 276
4 266 215 160 165
4 267 181 216 224
4 268 212 264 223
4 269 266 188 272
4 270 228 233 250
4 271 226 197 243
4 272 227 185 249
4 273 250 293 208
4 274 254 224 190
4 275 281 290 162
4 276 260 252 205
4 277 152 274 184
4 278 187 235 226
4 279 233 250 225
4 280 240 185 189
4 281 276 233 248
4 282 263 295 268
4 283 251 181 227
4 284 228 175 262
4 285 240 167 239
4 286 266 267 218
4 287 210 261 283
4 288 237 215 159
4 289 160 244 191
4 290 295 223 277
4 291 211 268 209
4 292 194 175 288
4 293 284 194 224
4 294 228 209 275
4 295 281 246 191
4 296 169 157 282
4 297 192 240 182
4 298 265 172 257
4 299 184 222 298
4 300 207 232 261
0
0
0
0
0
0
0
0
0
0
0
0
0
0
0
0
0
0
0
0
0
0
0
0
0
0
0
0
0
0
0
0
0
0
0
0
0
0
0
0
0
0
0
0
0
0
0
0
0
0
0
0
0
0
0
0
0
0
0
0
0
0
0
0
0
0
0
0
0
0
0
0
0
0
0
0
0
0
0
0
0
0
0
0
0
0
0
0
0
0
0
0
0
0
0
0
0
0
0
0
0
0
0
0
0
0
0
0
0
0
0
0
0
0
0
0
0
0
0
0
0
0
0
0
0
0
0
0
0
0
0
0
0
0
0
0
0
0
0
0
0
0
0
0
0
0
0
0
0
0
