300
6 260 200 294 229 94 104
6 233 212 201 265 219 119
6 187 168 162 182 273 283
6 267 274 177 162 234 115
6 153 209 159 115 99 285
6 154 247 261 286 161 167
6 295 176 196 128 164 274
6 271 193 225 230 218 98
6 204 286 190 93 228 118
6 164 177 139 123 175 253
6 195 162 300 208 94 124
6 142 128 152 109 131 232
6 232 112 137 214 140 177
6 105 157 251 141 261 172
6 165 194 125 149 166 272
6 156 151 259 295 97 106
6 219 295 239 147 292 162
6 173 287 292 221 262 170
6 182 243 273 165 274 156
6 169 109 265 246 300 223
6 159 141 174 157 121 201
6 133 268 148 263 258 289
6 222 190 120 218 153 93
6 169 202 97 177 281 237
6 244 136 146 261 189 93
6 202 254 261 238 242 291
6 255 256 216 233 283 222
6 296 273 225 191 107 249
6 140 172 203 289 254 213
6 225 243 131 257 109 113
6 136 225 269 273 121 234
6 200 298 111 199 130 203
6 162 111 181 277 168 100
6 107 191 108 203 235 221
6 289 201 210 266 260 277
6 186 244 106 151 287 268
6 176 207 210 289 229 244
6 278 159 234 225 118 250
6 283 129 215 101 251 169
6 193 272 229 127 211 213
6 241 196 250 91 218 269
6 102 293 289 249 259 154
6 117 111 130 203 170 180
6 294 165 276 199 203 120
6 199 145 295 159 244 108
6 103 173 205 217 195 258
6 215 109 222 124 149 147
6 152 179 156 177 251 102
6 189 186 115 132 280 141
6 129 201 277 162 215 119
6 241 128 264 224 175 108
6 97 284 158 213 292 255
6 233 153 221 249 119 182
6 276 151 163 119 187 295
6 226 234 163 115 229 120
6 155 198 210 214 236 138
6 153 160 297 237 258 275
6 121 109 200 197 282 207
6 201 179 141 292 189 242
6 147 247 218 246 274 292
6 142 214 226 232 100 150
6 274 151 223 226 99 103
6 255 213 164 272 214 265
6 286 222 214 253 184 231
6 133 226 130 266 284 211
6 200 106 274 157 267 132
6 145 257 113 289 114 107
6 191 183 226 262 232 147
6 247 223 97 188 222 240
6 95 151 167 116 135 154
6 219 178 258 185 224 144
6 234 115 239 110 145 264
6 203 295 136 286 199 156
6 149 281 110 278 248 131
6 251 104 300 157 102 240
6 157 98 166 195 133 139
6 276 214 190 105 208 278
6 151 218 278 222 159 213
6 199 145 120 143 233 251
6 144 133 157 162 117 134
6 269 260 107 222 281 239
6 268 201 289 267 280 296
6 259 145 284 118 225 206
6 159 191 290 141 203 117
6 291 204 126 141 242 176
6 207 91 280 97 158 272
6 123 251 116 216 275 91
6 294 243 172 182 230 185
6 203 142 209 170 175 121
6 300 270 224 123 273 295
0
0
0
0
0
0
0
0
0
0
0
0
0
0
0
0
0
0
0
0
0
0
0
0
0
0
0
0
0
0
0
0
0
0
0
0
0
0
0
0
0
0
0
0
0
0
0
0
0
0
0
0
0
0
0
0
0
0
0
0
0
0
0
0
0
0
0
0
0
0
0
0
0
0
0
0
0
0
0
0
0
0
0
0
0
0
0
0
0
0
0
0
0
0
0
0
0
0
0
0
0
0
0
0
0
0
0
0
0
0
0
0
0
0
0
0
0
0
0
0
0
0
0
0
0
0
0
0
0
0
0
0
0
0
0
0
0
0
0
0
0
0
0
0
0
0
0
0
0
0
0
0
0
0
0
0
0
0
0
0
0
0
0
0
0
0
0
0
0
0
0
0
0
0
0
0
0
0
0
0
0
0
0
0
0
0
0
0
0
0
0
0
0
0
0
0
0
0
0
0
0
0
0
0
0
0
0
0
0
0
