13
33999931601042809 33999932047135465
45545553570234332 45545554484289300
21112717235454189 21112718059832937
69963995995657976 69963997249118178
55656665556039855 55656666223714413
74474747588363236 74474747861978200
44446664374434184 44446665325947668
75755878006537587 75755879603393196
77117777636042237 77117778383588698
35666662799344093 35666664232406439
63636932960319707 63636934069256414
59665958627312128 59665960382433388
77887877017692777 77887878513193148


5
59 63
42 49
48 53
90 90
1 100

3
3 5
1 4 2 8 5
7 9 2 1 4
3 8 5 3 1
1 4
4 15 1 10
4 3
1 2 3
3 2 1
1 2 1
4 2 7

6
59 63
42 49
15 15
53 57
1 100
110 1000000