4 10 10 10 10
10 8 8 8 12 12 12 8 8 12 12

99 1000 1000 1000 1000 1000 1000 1000 1000 1000 1000 1000 1000 1000 1000 1000 1000 1000 1000 1000 1000 1000 1000 1000 1000 1000 1000 1000 1000 1000 1000 1000 1000 1000 1000 1000 1000 1000 1000 1000 1000 1000 1000 1000 1000 1000 1000 1000 1000 1000 1000 1000 1000 1000 1000 1000 1000 1000 1000 1000 1000 1000 1000 1000 1000 1000 1000 1000 1000 1000 1000 1000 1000 1000 1000 1000 1000 1000 1000 1000 1000 1000 1000 1000 1000 1000 1000 1000 1000 1000 1000 1000 1000 1000 1000 1000 1000 1000 1000 1000
100 990 990 990 990 990 990 990 990 990 990 990 990 990 990 990 990 990 990 990 990 990 990 990 990 990 990 990 990 990 990 990 990 990 990 990 990 990 990 990 990 990 990 990 990 990 990 990 990 990 990 990 990 990 990 990 990 990 990 990 990 990 990 990 990 990 990 990 990 990 990 990 990 990 990 990 990 990 990 990 990 990 990 990 990 990 990 990 990 990 990 990 990 990 990 990 990 990 990 990 990

6 197 302 274 227 499 501
6 203 294 95 407 498 502

9 128 151 985 659 921 225 423 270 397
12 82 631 85 293 973 673 851 626 386 223 300 641

12 903 795 698 700 44 40 3 429 404 501 682 648
10 539 160 152 536 135 340 693 216 128 505

8 553 579 530 947 291 648 971 52
10 81 632 594 858 628 313 887 215 356 513

6 1 6 24 96 384 512
5 3 12 48 192 768


4 7 7 14 7
3 11 22 11
