300
84 8 9 10 11 12 21 22 23 27 30 33 34 36 40 43 52 59 62 63 64 65 67 82 83 85 86 88 91 93 94 99 103 108 111 126 131 141 143 144 147 151 152 154 159 161 163 167 174 183 189 193 196 197 215 218 231 233 234 235 236 237 241 242 244 248 251 253 257 259 265 269 275 278 279 284 289 291 292 293 294 297 298 299 300
0
76 8 9 10 12 14 17 21 23 27 30 33 34 36 39 46 59 64 71 80 81 82 83 85 93 100 108 110 113 116 118 133 140 141 142 146 151 152 154 158 159 161 165 167 177 183 184 185 190 191 193 197 209 213 214 218 222 224 235 242 246 254 264 267 269 270 275 278 279 282 287 288 291 294 295 297 299
81 16 17 20 22 23 30 36 37 39 40 43 46 49 58 62 65 71 79 83 84 85 89 93 96 99 103 105 110 111 116 125 134 141 143 146 154 159 161 166 169 170 180 183 184 185 188 189 191 196 204 207 209 214 219 224 234 236 237 238 241 242 245 248 251 253 260 265 267 270 275 278 279 282 284 287 288 291 292 295 297 299
82 11 16 18 19 20 21 30 34 36 39 40 43 46 52 59 64 70 78 79 86 88 89 91 93 94 100 105 108 110 111 113 114 125 131 133 140 141 144 147 151 155 157 158 163 165 177 189 190 193 196 197 204 207 213 215 218 219 231 233 234 235 236 241 242 243 251 253 257 260 263 264 265 267 269 279 282 287 288 293 294 299 300
80 11 13 14 17 18 19 30 33 36 37 39 40 41 49 52 59 62 63 67 70 71 79 80 82 84 85 89 94 96 99 108 110 113 114 125 126 133 142 146 147 151 158 163 169 174 177 180 183 184 185 189 196 209 215 219 221 231 233 235 236 240 241 242 245 246 248 253 254 263 267 270 279 282 284 289 291 293 297 298 299
77 8 11 12 14 17 18 19 22 23 37 46 59 67 70 71 80 83 85 86 88 93 94 99 100 103 105 111 113 118 126 134 140 141 143 151 152 154 155 158 159 161 165 166 167 174 180 183 189 190 191 196 209 213 219 224 231 240 241 245 251 253 254 257 260 263 264 265 267 269 278 282 287 288 291 292 293 300
0
0
0
0
0
0
0
64 16 20 21 30 36 39 40 41 43 58 62 63 67 71 85 86 91 93 96 114 116 125 133 134 140 143 147 152 154 161 165 174 183 184 188 190 191 196 207 209 213 219 224 233 235 236 237 238 241 243 248 251 253 259 263 264 265 267 275 278 282 284 289 297
0
0
0
0
0
0
0
0
79 27 30 34 39 52 59 64 65 67 70 71 78 80 81 83 84 85 86 89 94 99 100 105 108 114 116 118 125 126 140 141 142 143 151 154 158 159 161 163 166 169 170 174 180 183 185 189 190 193 196 199 204 207 215 222 224 231 233 236 243 244 248 251 253 257 259 260 263 264 267 269 270 284 287 292 294 295 299 300
75 30 33 34 36 39 41 43 46 49 52 62 63 78 80 81 82 83 85 88 89 91 94 100 103 105 110 113 114 131 133 134 141 142 144 147 151 152 154 155 157 159 161 163 174 184 185 190 191 193 204 213 221 222 224 235 236 240 241 242 243 244 245 246 248 251 253 257 259 263 264 267 288 294 297 299
69 33 37 39 43 52 71 78 79 82 83 84 85 88 89 94 105 108 111 113 114 116 126 141 142 143 144 146 147 151 152 154 155 161 165 169 177 180 188 189 193 197 204 209 214 215 218 221 233 237 240 241 242 243 244 245 248 251 257 259 260 264 269 278 279 288 291 292 294 297
0
66 33 36 37 40 49 58 64 65 67 71 81 85 86 88 93 94 100 108 111 113 131 141 142 144 147 152 155 158 159 165 166 169 170 174 184 188 189 190 193 196 207 215 222 231 236 237 243 245 248 251 254 257 260 265 270 275 278 282 284 287 289 291 292 295 298 299
58 36 40 49 52 58 62 63 64 67 78 81 82 83 84 89 91 99 103 111 113 114 116 126 131 133 134 141 147 151 152 155 158 159 165 166 170 183 185 189 193 196 213 218 221 222 224 234 236 244 248 253 257 260 263 270 278 288 295
0
63 33 34 36 40 43 46 64 65 67 70 78 79 80 81 82 83 85 86 91 94 99 100 103 116 118 126 131 134 147 151 152 163 167 177 183 185 188 190 191 196 207 209 213 214 221 222 231 238 240 244 254 259 264 267 275 282 288 289 291 293 294 295 298
70 33 36 40 49 62 64 70 71 78 79 83 85 86 88 89 93 99 100 114 116 118 126 131 133 140 142 144 147 152 157 158 161 163 165 166 167 177 183 185 188 189 193 197 204 207 209 218 221 231 233 238 240 242 243 246 248 253 257 263 264 275 279 287 288 289 291 292 294 297 298
0
0
67 37 40 41 43 46 58 62 64 67 71 82 83 89 94 103 110 114 116 125 126 131 140 141 143 146 147 154 155 166 169 177 180 183 184 189 190 193 199 214 215 222 231 236 237 238 240 241 244 245 248 253 254 259 260 263 267 269 279 282 284 287 289 292 295 298 299 300
0
0
67 40 46 59 65 78 80 81 82 85 86 88 89 96 103 105 110 114 118 126 133 134 140 144 155 157 159 161 165 166 167 174 177 183 184 193 197 199 207 215 218 219 222 224 231 234 236 240 241 242 243 244 246 248 253 254 257 260 267 282 287 288 289 291 293 297 298 300
0
0
0
73 43 46 49 52 59 62 63 65 67 70 78 79 80 81 83 86 88 93 96 99 100 108 111 113 116 125 134 140 142 152 155 157 159 161 165 169 174 183 188 193 196 199 207 209 213 215 218 222 224 234 235 236 240 242 243 248 251 254 257 260 263 264 267 269 270 278 279 284 288 289 291 292 300
0
63 46 49 52 62 63 64 65 67 78 80 82 85 99 100 103 108 114 116 118 134 140 143 147 152 155 157 159 161 165 170 177 188 193 196 204 213 215 218 221 224 231 234 235 237 238 242 243 244 246 248 251 259 270 275 279 282 284 288 294 295 297 298 300
69 46 49 52 59 63 65 67 70 71 79 81 82 84 85 86 91 103 111 114 116 118 125 126 131 134 141 143 144 151 152 155 157 158 163 166 174 183 184 185 193 199 213 215 219 221 234 235 236 237 238 240 244 245 246 248 253 257 259 264 267 275 287 288 291 292 294 298 299 300
0
71 52 58 59 63 65 70 78 81 84 89 91 94 96 99 100 103 108 110 111 113 114 126 134 140 141 143 147 151 152 154 155 159 163 165 167 169 170 177 183 185 188 191 196 209 218 219 221 224 235 237 238 240 242 246 248 253 254 257 259 263 264 265 270 287 291 294 295 297 298 299 300
73 52 64 65 67 70 71 81 82 86 88 89 91 93 96 105 110 111 113 114 116 118 133 141 143 144 146 147 154 163 169 170 180 183 184 188 189 190 191 196 197 199 204 207 213 215 221 224 233 234 235 236 237 241 242 244 245 246 251 253 259 260 263 264 267 282 287 288 292 294 295 297 298 300
0
61 52 58 59 62 63 64 65 81 84 86 89 91 94 96 99 100 103 105 108 113 116 118 141 143 151 152 154 158 159 167 177 183 188 189 191 196 199 204 207 209 214 215 219 231 234 241 243 244 245 251 253 270 278 284 287 288 294 295 297 298 300
53 52 58 62 63 71 80 85 86 88 91 93 94 103 105 111 114 131 133 141 142 144 146 147 152 155 157 158 165 167 169 170 183 199 207 214 215 219 233 234 235 238 241 246 248 251 264 267 269 270 287 292 297 298
0
76 62 64 65 70 71 78 79 85 86 88 89 93 99 100 103 108 110 114 116 118 125 126 131 133 134 142 147 152 154 157 158 159 163 167 170 174 177 180 184 189 190 191 196 197 199 207 214 215 218 222 224 231 234 236 237 241 245 246 248 251 253 257 259 260 265 267 269 270 278 279 284 292 293 294 297 299
69 59 62 63 64 65 67 78 84 85 91 93 94 103 105 111 113 125 133 134 141 142 143 146 147 152 155 157 159 167 174 180 188 189 191 193 197 199 204 213 214 215 218 219 221 222 233 234 235 236 238 240 243 244 245 248 253 254 257 264 265 267 270 275 279 288 294 295 297 298
73 64 65 70 71 81 82 84 85 86 89 91 94 96 99 108 110 126 131 133 134 140 141 146 152 154 157 158 163 165 167 169 174 180 185 189 190 193 196 199 204 213 214 215 218 222 224 234 235 236 237 240 242 244 245 246 248 251 257 259 263 265 267 269 270 278 279 284 288 291 293 295 297 298
65 58 59 63 78 79 80 81 82 83 85 91 93 96 100 116 125 133 134 140 141 142 143 144 147 152 154 157 161 163 165 170 180 183 193 196 197 204 207 213 215 218 222 224 233 234 237 238 241 242 244 254 257 264 265 269 270 278 279 284 288 293 294 295 299 300
61 63 64 65 71 78 79 82 85 93 94 96 100 103 118 125 131 133 134 140 142 144 152 154 155 158 161 163 177 184 185 189 191 193 213 221 224 231 235 237 238 241 244 246 259 260 265 269 270 278 279 282 284 287 288 289 292 293 294 295 299 300
0
0
64 63 64 65 67 71 79 82 83 85 86 91 93 96 99 100 110 111 126 142 147 151 154 155 157 161 169 170 174 180 183 184 185 188 190 193 197 199 204 207 214 218 221 222 224 233 240 241 243 244 253 254 260 263 264 265 279 282 287 289 291 292 293 295 300
60 63 81 83 84 85 86 96 99 100 103 105 108 116 118 126 131 140 141 142 146 152 154 155 167 177 183 185 190 193 196 199 204 209 213 218 222 231 233 234 235 237 238 244 246 251 259 260 263 264 269 275 279 284 288 293 294 297 298 299 300
0
0
0
0
67 67 70 71 78 80 81 86 88 91 96 103 108 110 113 125 126 133 134 140 141 143 147 154 157 158 161 163 166 169 174 177 185 188 189 191 196 197 199 204 209 219 221 224 231 233 236 237 241 245 246 248 251 253 257 260 265 267 278 287 291 292 293 294 295 298 299 300
0
61 70 71 83 85 88 91 108 110 111 113 114 116 118 125 126 133 134 141 143 146 147 151 152 158 159 161 163 167 169 170 183 184 185 188 191 199 204 214 215 218 219 221 231 240 241 242 243 244 245 246 248 251 253 254 257 265 275 278 289 298 300
69 70 78 79 81 83 84 85 86 88 89 91 93 94 100 108 113 114 118 125 131 140 141 142 143 144 154 161 165 166 174 177 180 183 184 189 190 191 193 196 199 207 213 218 219 222 231 233 234 235 238 242 243 244 245 246 254 257 259 260 263 264 265 267 278 282 289 293 298 300
0
0
69 78 79 80 81 85 86 89 91 93 99 100 103 105 110 111 113 114 118 125 126 131 143 144 151 152 154 157 158 161 167 169 180 183 184 185 190 191 196 207 209 213 215 221 222 224 231 233 234 235 237 238 241 244 257 259 260 267 275 278 279 282 284 287 288 291 292 295 297 299
59 78 79 80 81 84 85 94 99 100 108 110 111 116 126 140 141 142 146 151 154 158 159 163 165 174 177 180 183 184 188 190 191 196 197 199 207 209 214 218 231 234 237 238 242 243 244 251 253 254 257 260 267 269 270 279 293 297 298 300
60 81 82 84 88 96 99 100 103 108 110 114 118 125 131 143 151 152 154 166 167 169 174 180 183 184 190 191 193 196 199 207 209 214 219 221 231 233 236 241 242 244 248 251 257 260 263 265 270 275 278 279 284 288 291 292 293 295 297 298 300
63 81 84 86 88 94 96 99 100 105 110 111 113 116 118 140 142 144 146 147 151 152 155 157 159 161 166 167 174 180 185 196 199 204 207 209 213 215 218 221 231 233 236 237 244 251 254 257 260 263 265 267 270 275 278 279 282 284 287 289 294 297 298 299
61 78 79 80 81 83 84 89 91 93 96 105 108 110 111 113 118 126 131 133 134 142 143 146 151 152 158 161 166 167 174 183 184 185 188 189 190 191 196 204 213 214 215 218 219 221 224 234 237 240 244 253 259 265 267 270 284 287 288 289 291 294
52 84 85 86 88 89 94 96 99 133 134 143 151 154 157 163 165 167 170 180 183 185 188 190 204 209 213 214 215 221 231 235 237 242 243 245 251 253 254 257 263 269 282 284 289 291 293 294 295 297 298 299 300
0
0
0
0
0
0
0
0
0
50 88 89 93 105 108 113 125 131 133 134 140 147 151 159 161 163 165 166 170 177 184 188 189 190 191 193 196 197 199 204 207 218 221 234 235 237 242 245 248 251 254 260 270 282 289 292 294 295 298 299
0
0
59 93 96 103 108 114 118 125 131 133 134 140 143 151 152 157 158 161 163 166 167 169 170 177 180 185 188 196 197 204 207 209 213 221 222 231 233 235 236 237 238 240 243 246 251 253 260 264 265 267 269 275 278 284 287 289 292 294 299 300
0
48 94 99 103 111 113 116 143 144 146 152 154 157 158 174 177 180 188 189 190 196 209 214 218 221 231 233 238 241 242 243 246 248 253 257 264 265 267 269 270 275 279 282 284 291 292 293 295 298
0
0
41 105 108 111 113 114 116 118 133 140 147 155 157 158 159 161 167 169 174 180 184 189 190 196 199 231 233 238 245 251 257 259 260 265 282 287 288 289 291 293 297 299
0
56 99 100 108 114 126 133 134 141 142 144 146 151 154 155 157 158 159 161 165 166 167 169 174 177 183 188 189 193 197 199 204 207 215 218 233 235 238 242 244 251 253 263 264 267 269 270 278 282 284 291 292 294 295 297 298 299
54 99 103 108 111 114 116 118 125 126 131 133 142 144 146 147 154 155 163 165 167 169 177 184 185 188 189 199 204 207 209 213 219 221 222 231 233 236 240 243 245 248 251 253 254 260 264 265 269 279 282 284 294 297 300
0
0
50 103 105 111 113 118 131 133 134 141 143 146 151 152 155 157 165 170 174 177 180 183 188 189 190 193 204 207 215 221 224 231 233 234 236 238 240 242 244 246 254 257 275 278 282 289 292 293 294 295 299
57 105 108 110 114 116 126 131 134 142 144 146 147 151 154 155 157 158 163 165 166 167 191 193 196 199 204 207 209 213 214 215 219 221 231 233 236 243 244 246 259 260 263 264 269 270 275 278 279 284 287 288 291 293 297 298 299 300
0
49 105 108 113 116 126 131 133 140 141 144 152 154 158 165 166 170 174 177 185 188 191 193 204 207 213 218 219 231 235 236 237 238 243 244 245 253 254 260 263 265 267 269 270 275 287 288 291 293 300
0
49 110 111 113 118 125 126 133 134 141 143 147 151 159 161 165 166 169 170 174 180 184 188 190 191 193 196 199 209 214 215 218 219 224 233 234 235 241 246 248 259 260 263 264 269 279 282 287 293 294
46 108 110 111 113 116 133 134 140 141 142 144 147 157 159 163 169 177 183 185 191 196 207 209 213 215 219 221 222 224 233 237 238 241 243 244 245 248 263 264 265 275 284 287 293 298 300
0
51 110 111 113 114 116 133 140 142 143 146 151 152 154 155 159 161 166 167 170 174 180 185 188 189 193 197 204 215 222 224 231 233 234 235 236 240 242 243 244 245 251 269 282 284 289 291 292 294 295 297 298
0
0
42 114 118 125 141 142 143 144 146 147 151 158 165 166 170 183 184 188 189 191 193 199 204 207 209 219 224 234 236 240 245 246 248 254 269 270 275 278 279 282 288 291 298
0
0
45 118 125 131 133 140 141 144 146 147 151 152 157 159 165 170 174 177 180 184 185 188 191 193 196 197 199 221 222 231 234 240 244 246 259 260 270 275 278 279 282 284 288 291 298 300
0
42 118 134 143 147 152 157 159 161 167 170 174 183 184 189 193 196 197 204 209 218 219 221 224 231 233 234 236 238 241 242 243 253 260 263 264 270 278 291 292 293 294 299
0
42 125 126 133 140 141 143 154 159 161 165 166 170 177 183 185 188 190 193 196 197 204 207 209 215 218 222 224 235 244 245 251 253 254 259 263 267 270 278 287 292 293 294
50 125 133 134 140 141 143 151 152 154 158 159 163 165 167 169 177 180 184 185 188 189 190 191 196 197 199 204 209 214 215 218 221 222 233 237 238 241 243 244 251 254 259 265 267 288 291 292 293 294 298
41 126 131 133 151 169 170 174 177 185 188 191 193 204 207 209 213 214 218 233 234 236 240 241 248 260 263 264 265 267 269 270 279 282 288 289 293 294 295 297 298 300
49 125 126 131 133 146 151 152 154 155 159 161 165 166 170 177 180 184 196 204 207 213 214 215 233 236 237 240 241 242 243 245 246 248 251 264 267 269 275 278 282 288 291 292 293 294 295 297 299 300
42 125 131 140 141 142 144 146 147 154 155 157 158 161 167 169 177 180 189 193 204 215 222 224 233 240 242 243 244 251 260 265 267 279 282 284 287 292 293 294 295 297 299
41 131 133 144 152 155 158 159 165 166 169 177 183 184 188 190 196 197 207 213 214 218 224 233 234 236 240 241 244 248 254 259 263 264 265 269 270 275 287 293 294 300
0
0
50 131 133 134 140 143 144 147 151 152 154 155 158 159 161 163 165 166 167 183 185 189 193 196 199 204 214 215 222 234 236 237 238 242 243 244 246 248 251 253 254 257 259 267 275 282 288 291 295 299 300
47 131 133 134 140 146 155 159 161 163 167 170 174 184 185 190 191 193 196 199 207 209 214 215 218 219 221 222 224 231 233 234 238 240 242 245 246 251 254 259 264 267 278 282 292 294 298 299
41 131 134 144 147 151 152 157 161 165 167 169 174 177 180 184 185 193 197 207 209 214 218 219 221 233 234 237 238 241 243 245 248 253 259 260 267 270 287 294 298 300
49 140 143 144 146 147 151 152 154 155 157 158 163 169 170 177 185 191 193 196 197 204 209 213 214 215 219 221 231 234 235 236 237 238 241 242 248 254 257 263 264 278 279 284 288 292 293 295 297 300
0
49 133 134 141 142 146 155 159 161 163 165 166 167 174 180 183 184 185 188 189 197 199 209 214 218 219 221 240 241 242 243 245 246 248 251 257 259 263 267 269 275 278 279 284 288 289 292 298 299 300
0
0
45 140 141 143 147 151 152 157 158 159 161 163 165 166 167 174 177 184 185 190 193 196 197 204 218 235 236 238 243 244 245 251 257 260 263 265 267 270 275 279 287 289 292 294 295 300
52 140 141 152 158 161 165 167 174 177 183 184 188 191 193 196 197 199 204 207 214 215 219 222 224 233 234 235 238 240 242 243 246 251 253 257 259 260 263 270 275 278 279 282 284 287 291 293 294 295 297 299 300
42 140 142 143 144 146 147 151 152 154 158 163 174 177 183 184 189 190 191 193 196 204 214 219 221 224 234 235 237 243 244 248 253 259 260 263 269 270 287 288 292 293 300
44 142 143 144 147 152 154 155 166 169 170 174 180 188 197 204 218 219 221 222 231 234 237 242 243 244 245 251 253 257 260 263 265 267 275 278 279 282 288 293 295 297 298 299 300
48 140 141 142 144 151 152 154 155 159 161 163 165 166 169 174 177 183 184 188 193 196 199 207 213 218 222 224 231 235 236 238 242 245 248 253 254 264 265 267 269 270 284 287 291 293 295 297 299
0
0
0
0
0
39 146 147 155 158 159 165 166 167 169 170 184 188 190 191 193 197 199 204 207 209 214 221 233 236 238 241 243 246 251 260 264 275 278 282 292 293 295 298 300
0
0
39 151 154 159 163 169 174 177 183 185 188 190 193 209 213 215 219 224 234 237 241 242 243 244 245 253 260 263 264 265 270 278 279 282 287 291 292 293 297 298
42 152 154 155 157 158 170 177 183 189 190 199 213 219 222 224 234 237 240 242 246 251 253 254 257 259 260 263 264 265 267 269 270 278 279 284 287 288 289 291 292 294 299
42 151 154 155 157 161 163 166 167 174 183 185 190 191 196 204 209 213 219 221 222 224 231 234 236 238 240 242 245 251 253 254 269 278 282 284 287 289 292 295 297 298 299
0
0
39 154 159 161 163 165 169 177 180 184 185 188 193 199 209 215 218 233 234 235 238 240 241 242 244 251 257 259 263 265 267 270 278 279 287 289 292 295 298 300
0
0
39 157 158 159 161 165 167 170 180 183 188 199 209 213 215 222 233 235 238 240 241 243 244 245 246 248 251 259 263 267 278 284 291 292 293 294 297 298 299 300
0
0
0
40 161 163 165 169 180 183 185 190 191 193 196 197 204 207 213 214 215 221 222 224 233 234 235 236 237 238 240 241 242 246 248 251 253 260 282 284 288 294 299 300
0
31 166 167 170 174 184 185 190 196 197 204 207 209 218 231 233 238 241 244 251 253 264 267 269 278 279 284 287 288 294 297 299
0
37 165 166 170 177 180 184 188 189 190 199 204 209 213 215 218 233 236 237 238 243 244 245 246 248 257 259 260 265 270 275 279 282 284 287 288 291 293
0
0
0
40 169 174 183 189 190 193 197 207 213 215 218 219 221 222 224 236 237 238 240 241 243 244 245 246 251 253 254 257 260 263 264 275 282 284 287 288 292 295 298 300
0
0
29 174 180 184 188 189 190 199 204 213 215 218 219 222 234 235 242 246 248 253 257 259 263 265 270 275 284 294 297 300
26 174 190 191 199 207 214 219 221 224 231 236 240 241 242 248 257 263 267 270 278 279 291 294 298 299 300
41 174 177 180 185 189 190 191 193 197 199 207 209 222 224 234 236 240 241 243 245 246 248 253 254 259 260 263 265 267 269 270 284 288 291 292 293 294 297 298 299 300
0
29 183 189 191 193 199 207 209 219 221 231 233 235 240 243 245 246 251 254 259 264 267 270 275 282 287 291 295 298 300
34 177 183 185 188 189 196 197 199 207 209 213 215 222 224 231 234 235 241 242 243 245 251 260 263 264 265 278 282 287 292 293 298 299 300
0
30 180 184 185 188 189 190 193 197 199 209 214 221 224 233 238 244 246 251 254 259 260 265 270 278 284 287 289 292 294 300
38 180 183 184 188 189 190 191 197 207 213 218 219 224 235 236 241 242 244 248 251 254 257 260 263 267 278 282 284 287 288 289 291 292 293 294 295 298 299
0
35 183 189 190 191 196 197 199 204 207 209 213 215 219 221 224 233 235 237 241 242 246 248 253 254 269 275 278 284 287 289 291 292 293 295 300
37 188 190 193 197 204 209 214 218 222 231 233 234 237 238 240 241 242 244 245 246 248 253 254 257 259 260 264 267 269 275 278 282 284 292 297 298 300
0
0
0
32 190 191 207 213 214 221 234 235 238 242 243 244 246 251 254 257 260 264 265 267 269 275 279 289 291 293 294 295 297 298 299 300
33 189 191 193 196 197 207 219 221 222 224 231 233 234 236 237 238 240 242 245 254 259 260 265 278 279 282 288 289 291 293 294 295 297
0
0
0
0
34 197 204 207 213 214 218 219 224 231 233 236 240 242 243 244 245 251 257 264 265 267 269 270 275 282 284 287 289 291 292 293 294 297 299
0
27 204 207 209 213 219 222 224 233 234 237 241 244 251 253 257 267 269 275 279 284 287 288 293 294 295 298 299
27 215 219 222 224 233 234 235 236 237 241 244 251 254 259 260 265 267 269 270 275 278 282 284 293 295 299 300
0
0
28 207 218 221 233 234 235 236 237 238 243 246 254 257 260 263 264 267 269 270 278 288 289 291 292 293 294 297 298
0
27 204 207 214 215 221 222 231 233 241 243 244 245 246 248 251 260 265 269 270 278 287 288 289 291 292 293 295
28 213 214 215 222 224 231 233 237 238 244 245 251 254 257 260 263 264 265 267 270 278 279 282 287 288 289 294 299
34 207 209 213 215 219 222 224 231 234 236 238 241 245 246 251 253 254 257 259 260 263 264 265 267 269 270 278 284 287 288 291 293 295 297
23 207 213 214 222 236 240 243 245 246 248 260 264 265 270 278 282 287 288 291 292 293 297 299
0
23 213 214 215 219 221 222 231 233 235 240 243 245 251 254 257 259 260 279 284 294 295 298 299
27 215 218 224 231 234 236 242 243 244 245 246 248 253 254 259 265 269 282 284 287 288 289 291 293 295 299 300
0
25 215 218 224 231 234 236 237 243 244 246 248 251 253 263 267 278 279 282 288 289 292 293 295 297 298
0
24 215 218 221 235 237 241 243 244 245 251 253 265 267 270 275 279 284 288 289 291 294 298 299 300
31 213 214 219 221 222 233 235 236 240 241 245 246 251 254 257 259 260 264 265 267 269 278 282 287 288 291 292 293 294 299 300
24 213 219 221 222 234 236 237 238 243 245 246 251 259 267 269 270 275 278 279 284 288 293 298 300
0
0
0
22 219 222 233 234 235 236 237 238 242 245 248 251 253 257 282 284 288 291 292 294 298 300
20 218 221 222 224 233 234 236 238 240 241 244 245 248 251 269 287 288 289 291 297
0
0
27 231 233 234 236 237 240 242 243 244 245 246 248 253 257 259 260 263 264 275 284 287 288 292 293 294 297 300
0
0
26 224 231 234 235 237 240 242 243 244 253 254 259 263 264 265 267 270 278 279 284 287 288 293 295 298 300
0
21 236 237 243 245 246 248 253 257 260 263 264 267 270 275 279 284 291 292 293 294 300
20 231 233 234 238 241 242 244 245 248 251 253 259 275 284 287 288 289 291 299 300
19 231 234 235 240 243 248 259 260 263 264 265 269 275 278 292 294 297 298 300
18 231 234 235 237 243 245 246 248 251 253 259 269 270 287 289 292 293 298
20 231 233 234 235 237 244 245 246 248 251 264 269 270 278 284 291 292 293 295 297
23 231 234 235 236 238 240 243 244 248 251 257 259 263 267 270 275 279 287 289 295 297 299 300
0
24 233 234 238 241 244 245 246 248 251 253 254 257 260 265 270 275 282 288 291 292 294 295 297 298
0
0
0
0
0
0
18 242 246 248 251 253 254 257 260 263 265 267 278 284 287 289 293 295 298
0
0
0
0
0
0
0
16 251 254 259 260 265 267 269 270 279 289 291 292 293 297 298 300
0
19 251 253 257 260 263 264 265 267 269 270 275 279 288 291 292 293 294 299 300
14 251 253 257 264 269 279 284 289 291 293 294 295 299 300
0
16 254 257 259 260 263 264 265 275 278 287 288 292 293 294 295 298
0
0
13 257 259 260 270 275 278 279 282 284 287 292 297 298
12 257 260 263 269 275 278 284 288 289 291 298 300
0
10 259 260 265 269 275 282 287 288 289 300
0
0
13 263 264 265 269 284 288 289 291 293 294 295 297 298
10 263 270 279 284 287 288 293 294 297 298
0
0
0
11 269 278 279 282 284 287 291 293 295 299 300
0
11 269 270 275 282 284 287 291 293 295 299 300
0
0
6 275 282 289 291 293 299
9 278 279 282 284 288 291 294 297 299
10 282 284 287 289 294 295 297 298 299 300
8 275 279 282 284 291 294 295 298
0
8 278 282 284 287 288 291 298 299
8 278 284 288 291 293 297 298 300
0
0
5 282 294 295 299 300
4 282 289 294 298
0
10 284 287 289 291 292 293 295 297 299 300
0
5 287 291 292 297 299
7 292 293 294 295 298 299 300
0
0
0
6 291 293 295 298 299 300
0
0
0
0
0
2 297 298
0
0
0
0
