300
5 286 84 227 153 222
5 87 236 106 52 67
5 272 163 162 293 102
5 68 34 119 217 49
5 100 196 274 256 57
5 201 270 295 288 74
5 281 80 245 234 294
5 127 250 180 110 232
5 277 154 219 258 146
5 121 134 61 162 49
5 126 59 57 205 246
5 162 66 257 206 97
5 40 266 200 191 267
5 220 95 123 140 164
5 171 267 112 185 210
5 223 96 105 65 201
5 78 152 232 230 184
5 242 209 255 297 92
5 83 116 109 91 292
5 284 259 192 89 118
5 130 198 282 40 116
5 178 236 32 268 122
5 42 200 272 279 145
5 54 171 132 299 238
5 91 144 158 278 244
5 273 168 289 290 120
5 259 267 220 35 284
5 83 249 251 209 79
5 289 264 140 111 230
5 34 290 127 229 200
0
0
0
0
0
0
0
0
0
0
0
0
0
0
0
0
0
0
0
0
0
0
0
0
0
0
0
0
0
0
0
0
0
0
0
0
0
0
0
0
0
0
0
0
0
0
0
0
0
0
0
0
0
0
0
0
0
0
0
0
0
0
0
0
0
0
0
0
0
0
0
0
0
0
0
0
0
0
0
0
0
0
0
0
0
0
0
0
0
0
0
0
0
0
0
0
0
0
0
0
0
0
0
0
0
0
0
0
0
0
0
0
0
0
0
0
0
0
0
0
0
0
0
0
0
0
0
0
0
0
0
0
0
0
0
0
0
0
0
0
0
0
0
0
0
0
0
0
0
0
0
0
0
0
0
0
0
0
0
0
0
0
0
0
0
0
0
0
0
0
0
0
0
0
0
0
0
0
0
0
0
0
0
0
0
0
0
0
0
0
0
0
0
0
0
0
0
0
0
0
0
0
0
0
0
0
0
0
0
0
0
0
0
0
0
0
0
0
0
0
0
0
0
0
0
0
0
0
0
0
0
0
0
0
0
0
0
0
0
0
0
0
0
0
0
0
0
0
0
0
0
0
0
0
0
0
0
0
0
0
0
0
0
0
0
0
0
0
0
0
